82
1a3n_a_af 0.000000 0.880282 0.873239 0.873239 0.852113 0.000000 0.892157 0.866197 0.852113 0.880282 0.838028 0.859155 0.873239 0.880282 0.617021 0.880282 0.859155 0.820000 0.866197 0.880282 0.880282 0.753521 0.906977 0.859155 0.471831 0.882353 0.866197 0.845070 0.873239 0.852113 0.880282 0.859155 0.866197 0.880282 0.901408 0.859155 0.866197 0.873239 0.859155 0.866667 0.838028 0.887324 0.880282 0.873239 0.838028 0.845070 0.859155 0.891089 0.866197 0.859155 0.894366 0.873239 0.894366 0.880282 0.866197 0.845070 0.859155 0.887324 0.859155 0.852113 0.845070 0.852113 0.133803 0.852113 0.830986 0.887324 0.880282 0.852113 0.859155 0.873239 0.866197 0.866197 0.852113 0.866197 0.859155 0.894366 0.859155 0.852113 0.845070 0.880282 0.845070 0.823944
1ag2_a_af 0.880282 0.000000 0.082677 0.897638 0.881890 0.880282 0.862745 0.897638 0.885827 0.169291 0.897638 0.874016 0.893701 0.898678 0.886525 0.889764 0.897638 0.860000 0.870079 0.906250 0.905028 0.896104 0.868217 0.901575 0.881944 0.867647 0.881890 0.870079 0.126482 0.870079 0.901575 0.893701 0.901575 0.169291 0.890173 0.881890 0.893701 0.881890 0.897638 0.853333 0.877953 0.898734 0.877095 0.901575 0.893701 0.874016 0.870079 0.871287 0.885827 0.893701 0.888889 0.881890 0.886486 0.889764 0.889764 0.897638 0.897638 0.893701 0.881890 0.870079 0.866142 0.893701 0.880282 0.885827 0.881890 0.903509 0.893701 0.885827 0.897638 0.893701 0.885827 0.897638 0.889764 0.881890 0.889764 0.890323 0.913386 0.901575 0.909449 0.877953 0.895425 0.901575
1b10_a_af 0.873239 0.082677 0.000000 0.889764 0.877953 0.873239 0.872549 0.889764 0.893701 0.157480 0.893701 0.881890 0.881890 0.894273 0.886525 0.893701 0.885827 0.860000 0.874016 0.901786 0.910615 0.896104 0.868217 0.893701 0.888889 0.852941 0.893701 0.866142 0.114625 0.870079 0.893701 0.893701 0.909449 0.153543 0.895954 0.893701 0.897638 0.874016 0.909449 0.853333 0.885827 0.894515 0.882682 0.889764 0.877953 0.881890 0.874016 0.891089 0.877953 0.893701 0.895425 0.893701 0.881081 0.889764 0.881890 0.893701 0.881890 0.901575 0.885827 0.889764 0.870079 0.893701 0.873239 0.877953 0.877953 0.894737 0.913386 0.874016 0.893701 0.897638 0.885827 0.897638 0.881890 0.889764 0.881890 0.877419 0.921260 0.897638 0.897638 0.901575 0.888889 0.897638
1b9v_a_af 0.873239 0.897638 0.889764 0.000000 0.896996 0.873239 0.843137 0.901345 0.881974 0.901515 0.888412 0.896996 0.887218 0.881057 0.872340 0.880460 0.900285 0.840000 0.890558 0.888393 0.877095 0.876623 0.868217 0.896996 0.868056 0.867647 0.872792 0.884120 0.893281 0.871245 0.896996 0.880407 0.899749 0.898438 0.878613 0.886364 0.903955 0.899142 0.902703 0.853333 0.890558 0.886076 0.871508 0.885514 0.899142 0.873391 0.888412 0.871287 0.888571 0.880407 0.862745 0.892617 0.886486 0.893617 0.890558 0.893939 0.892704 0.891892 0.904762 0.875536 0.881974 0.879365 0.866197 0.882051 0.899142 0.872807 0.894260 0.901288 0.890977 0.889680 0.880556 0.901042 0.896996 0.894850 0.903433 0.870968 0.876761 0.888535 0.883333 0.887789 0.869281 0.899142
1byq_a_af 0.852113 0.881890 0.877953 0.896996 0.000000 0.866197 0.862745 0.874439 0.905738 0.890152 0.889344 0.890792 0.868421 0.845815 0.858156 0.898851 0.888889 0.800000 0.896175 0.866071 0.865922 0.844156 0.844961 0.899142 0.861111 0.867647 0.872792 0.894809 0.881423 0.883880 0.897516 0.885496 0.869674 0.878906 0.872832 0.891414 0.861582 0.889908 0.883784 0.826667 0.897541 0.886076 0.837989 0.892523 0.881148 0.892077 0.896175 0.831683 0.885714 0.885496 0.849673 0.882550 0.859459 0.897163 0.886612 0.902597 0.905660 0.878378 0.886243 0.887681 0.894809 0.876190 0.845070 0.864103 0.900000 0.877193 0.867069 0.884146 0.864662 0.879004 0.897222 0.895833 0.889780 0.892057 0.886320 0.845161 0.841549 0.875796 0.880556 0.887789 0.862745 0.891410
1bz0_a_af 0.000000 0.880282 0.873239 0.873239 0.866197 0.000000 0.892157 0.866197 0.852113 0.880282 0.838028 0.859155 0.873239 0.880282 0.617021 0.880282 0.859155 0.820000 0.866197 0.880282 0.880282 0.753521 0.906977 0.859155 0.471831 0.882353 0.866197 0.845070 0.873239 0.852113 0.880282 0.859155 0.866197 0.880282 0.901408 0.859155 0.866197 0.873239 0.859155 0.866667 0.838028 0.887324 0.880282 0.873239 0.838028 0.845070 0.859155 0.891089 0.866197 0.859155 0.894366 0.873239 0.894366 0.880282 0.866197 0.845070 0.859155 0.887324 0.859155 0.852113 0.845070 0.852113 0.133803 0.852113 0.830986 0.887324 0.880282 0.852113 0.859155 0.873239 0.866197 0.866197 0.852113 0.866197 0.859155 0.894366 0.859155 0.852113 0.845070 0.880282 0.845070 0.823944
1c01_a_af 0.892157 0.862745 0.872549 0.843137 0.862745 0.892157 0.000000 0.852941 0.833333 0.862745 0.823529 0.833333 0.872549 0.882353 0.852941 0.833333 0.852941 0.880000 0.833333 0.852941 0.872549 0.892157 0.911765 0.852941 0.872549 0.872549 0.882353 0.862745 0.862745 0.813725 0.872549 0.872549 0.892157 0.872549 0.852941 0.862745 0.852941 0.872549 0.872549 0.893333 0.852941 0.862745 0.872549 0.862745 0.843137 0.843137 0.872549 0.910891 0.862745 0.872549 0.892157 0.872549 0.882353 0.882353 0.852941 0.852941 0.852941 0.843137 0.843137 0.852941 0.823529 0.852941 0.882353 0.862745 0.843137 0.843137 0.882353 0.833333 0.843137 0.852941 0.813725 0.862745 0.872549 0.862745 0.843137 0.882353 0.843137 0.872549 0.872549 0.852941 0.872549 0.843137
1csn_a_af 0.866197 0.897638 0.889764 0.901345 0.874439 0.866197 0.852941 0.000000 0.890135 0.893939 0.892377 0.899103 0.875940 0.876652 0.879433 0.908046 0.877493 0.760000 0.878924 0.879464 0.854749 0.857143 0.860465 0.896861 0.861111 0.867647 0.879859 0.876682 0.885375 0.874439 0.890135 0.898219 0.899749 0.886719 0.878613 0.898990 0.898305 0.896861 0.878378 0.840000 0.896861 0.890295 0.877095 0.890187 0.887892 0.890135 0.876682 0.861386 0.894286 0.898219 0.875817 0.879195 0.870270 0.875887 0.876682 0.908072 0.899103 0.871622 0.896825 0.896861 0.892377 0.882540 0.873239 0.900000 0.908072 0.877193 0.894260 0.914798 0.890977 0.882562 0.897222 0.888021 0.894619 0.896861 0.887892 0.877419 0.862676 0.898089 0.886111 0.877888 0.856209 0.890135
1d7b_a_af 0.852113 0.885827 0.893701 0.881974 0.905738 0.852113 0.833333 0.890135 0.000000 0.863636 0.893920 0.890792 0.857143 0.863436 0.872340 0.896552 0.905983 0.840000 0.901682 0.857143 0.871508 0.863636 0.860465 0.901288 0.833333 0.875000 0.872792 0.892626 0.877470 0.890039 0.903727 0.890585 0.902256 0.863281 0.855491 0.888889 0.889831 0.906728 0.886486 0.840000 0.902975 0.864979 0.877095 0.878505 0.895213 0.891332 0.893920 0.841584 0.877143 0.890585 0.882353 0.885906 0.854054 0.872340 0.895213 0.887446 0.885220 0.875000 0.878307 0.887681 0.906856 0.863492 0.859155 0.889744 0.885106 0.885965 0.891239 0.900407 0.864662 0.861210 0.880556 0.893229 0.891784 0.883910 0.880539 0.883871 0.883803 0.882166 0.888889 0.881188 0.849673 0.893031
1dx0_a_af 0.880282 0.169291 0.157480 0.901515 0.890152 0.880282 0.862745 0.893939 0.863636 0.000000 0.890152 0.890152 0.886364 0.889868 0.879433 0.893939 0.893939 0.860000 0.890152 0.892857 0.899441 0.883117 0.868217 0.882576 0.868056 0.852941 0.893939 0.871212 0.106719 0.890152 0.890152 0.901515 0.890152 0.039062 0.890173 0.893939 0.905303 0.893939 0.897727 0.840000 0.886364 0.886076 0.882682 0.893939 0.890152 0.878788 0.878788 0.861386 0.882576 0.901515 0.875817 0.875000 0.875676 0.909091 0.886364 0.882576 0.886364 0.897727 0.878788 0.875000 0.875000 0.890152 0.880282 0.882576 0.878788 0.903509 0.905303 0.878788 0.905303 0.901515 0.893939 0.893939 0.882576 0.886364 0.890152 0.896774 0.916667 0.909091 0.909091 0.905303 0.908497 0.905303
1e8x_a_af 0.838028 0.897638 0.893701 0.888412 0.889344 0.838028 0.823529 0.892377 0.893920 0.890152 0.000000 0.901499 0.879699 0.872247 0.851064 0.887356 0.880342 0.820000 0.892325 0.879464 0.854749 0.870130 0.852713 0.886266 0.840278 0.845588 0.879859 0.901996 0.897233 0.897086 0.903727 0.880407 0.892231 0.898438 0.867052 0.873737 0.892655 0.889908 0.878378 0.800000 0.899274 0.864979 0.877095 0.885514 0.905095 0.896054 0.906534 0.851485 0.882857 0.880407 0.862745 0.889262 0.881081 0.879433 0.894908 0.893939 0.893082 0.861486 0.891534 0.867754 0.904605 0.876190 0.838028 0.869231 0.891489 0.877193 0.876133 0.886179 0.868421 0.886121 0.877778 0.888021 0.879760 0.887984 0.892100 0.851613 0.862676 0.875796 0.886111 0.874587 0.862745 0.888169
1f2a_a_af 0.859155 0.874016 0.881890 0.896996 0.890792 0.859155 0.833333 0.899103 0.890792 0.890152 0.901499 0.000000 0.883459 0.885463 0.829787 0.901149 0.886040 0.820000 0.892934 0.879464 0.888268 0.857143 0.860465 0.886266 0.868056 0.867647 0.883392 0.886510 0.869565 0.880086 0.892934 0.890585 0.904762 0.867188 0.872832 0.904040 0.889831 0.903640 0.894595 0.866667 0.884368 0.877637 0.877095 0.885514 0.882227 0.888651 0.882227 0.871287 0.877143 0.890585 0.875817 0.882550 0.854054 0.886525 0.901499 0.896104 0.897216 0.888514 0.883598 0.877944 0.884368 0.876190 0.852113 0.879487 0.903640 0.872807 0.897281 0.895075 0.860902 0.882562 0.900000 0.890625 0.895075 0.886510 0.903640 0.870968 0.890845 0.882166 0.900000 0.871287 0.875817 0.899358
1g65_a_af 0.873239 0.893701 0.881890 0.887218 0.868421 0.873239 0.872549 0.875940 0.857143 0.886364 0.879699 0.883459 0.000000 0.894273 0.879433 0.872180 0.898496 0.860000 0.883459 0.888393 0.865922 0.870130 0.844961 0.898496 0.868056 0.867647 0.860902 0.879699 0.901186 0.864662 0.868421 0.894737 0.879699 0.886719 0.890173 0.887218 0.883459 0.879699 0.883459 0.853333 0.875940 0.881857 0.882682 0.883459 0.864662 0.879699 0.857143 0.881188 0.872180 0.894737 0.875817 0.879699 0.886486 0.902256 0.872180 0.875940 0.894737 0.875940 0.883459 0.868421 0.887218 0.890977 0.880282 0.864662 0.894737 0.872807 0.875940 0.868421 0.875940 0.887218 0.883459 0.894737 0.887218 0.894737 0.875940 0.864516 0.898496 0.894737 0.879699 0.890977 0.869281 0.875940
1g8a_a_af 0.880282 0.898678 0.894273 0.881057 0.845815 0.880282 0.882353 0.876652 0.863436 0.889868 0.872247 0.885463 0.894273 0.000000 0.893617 0.859031 0.876652 0.800000 0.876652 0.883929 0.899441 0.883117 0.868217 0.885463 0.868056 0.867647 0.881057 0.863436 0.898678 0.854626 0.845815 0.894273 0.863436 0.889868 0.884393 0.876652 0.872247 0.881057 0.881057 0.853333 0.881057 0.898678 0.893855 0.876652 0.863436 0.876652 0.876652 0.841584 0.863436 0.894273 0.888889 0.876652 0.897297 0.885463 0.854626 0.872247 0.872247 0.881057 0.872247 0.863436 0.859031 0.881057 0.887324 0.876652 0.889868 0.889868 0.885463 0.881057 0.859031 0.876652 0.881057 0.876652 0.876652 0.859031 0.863436 0.883871 0.872247 0.867841 0.903084 0.903084 0.888889 0.881057
1gcw_a_af 0.617021 0.886525 0.886525 0.872340 0.858156 0.617021 0.852941 0.879433 0.872340 0.879433 0.851064 0.829787 0.879433 0.893617 0.000000 0.858156 0.865248 0.860000 0.865248 0.893617 0.879433 0.808511 0.891473 0.851064 0.687943 0.867647 0.872340 0.872340 0.893617 0.858156 0.865248 0.872340 0.865248 0.879433 0.879433 0.851064 0.865248 0.851064 0.858156 0.840000 0.858156 0.886525 0.886525 0.886525 0.851064 0.843972 0.843972 0.851485 0.851064 0.872340 0.900709 0.865248 0.879433 0.879433 0.829787 0.858156 0.872340 0.858156 0.858156 0.851064 0.865248 0.865248 0.609929 0.879433 0.858156 0.879433 0.851064 0.851064 0.858156 0.851064 0.865248 0.829787 0.872340 0.872340 0.872340 0.893617 0.858156 0.858156 0.843972 0.879433 0.879433 0.858156
1i31_a_af 0.880282 0.889764 0.893701 0.880460 0.898851 0.880282 0.833333 0.908046 0.896552 0.893939 0.887356 0.901149 0.872180 0.859031 0.858156 0.000000 0.891738 0.840000 0.880460 0.852679 0.871508 0.863636 0.844961 0.903448 0.888889 0.838235 0.897527 0.880460 0.889328 0.875862 0.887356 0.905852 0.902256 0.898438 0.890173 0.909091 0.892655 0.878161 0.886486 0.826667 0.887356 0.890295 0.865922 0.897196 0.880460 0.887356 0.891954 0.841584 0.891429 0.905852 0.862745 0.889262 0.859459 0.882979 0.878161 0.894253 0.891954 0.885135 0.899471 0.889655 0.903448 0.885714 0.880282 0.910256 0.910345 0.881579 0.888218 0.894253 0.894737 0.882562 0.905556 0.898438 0.901149 0.898851 0.891954 0.864516 0.883803 0.888535 0.891667 0.894389 0.875817 0.894253
1j3h_a_af 0.859155 0.897638 0.885827 0.900285 0.888889 0.859155 0.852941 0.877493 0.905983 0.893939 0.880342 0.886040 0.898496 0.876652 0.865248 0.891738 0.000000 0.800000 0.877493 0.879464 0.888268 0.857143 0.868217 0.894587 0.854167 0.867647 0.897527 0.886040 0.893281 0.877493 0.886040 0.897436 0.888889 0.894531 0.884393 0.886040 0.894587 0.880342 0.809117 0.840000 0.897436 0.894515 0.882682 0.888889 0.877493 0.891738 0.894587 0.861386 0.902857 0.897436 0.862745 0.882550 0.864865 0.882979 0.720798 0.897436 0.891738 0.878378 0.883191 0.871795 0.886040 0.911111 0.859155 0.897436 0.868946 0.885965 0.888218 0.891738 0.894737 0.882562 0.891738 0.905983 0.826211 0.894587 0.891738 0.864516 0.890845 0.888535 0.834758 0.897690 0.862745 0.891738
1jj2_b_af 0.820000 0.860000 0.860000 0.840000 0.800000 0.820000 0.880000 0.760000 0.840000 0.860000 0.820000 0.820000 0.860000 0.800000 0.860000 0.840000 0.800000 0.000000 0.840000 0.820000 0.840000 0.840000 0.840000 0.840000 0.840000 0.780000 0.820000 0.820000 0.840000 0.780000 0.840000 0.800000 0.800000 0.860000 0.840000 0.800000 0.800000 0.800000 0.840000 0.860000 0.800000 0.800000 0.820000 0.820000 0.780000 0.820000 0.800000 0.840000 0.800000 0.800000 0.860000 0.840000 0.860000 0.840000 0.780000 0.820000 0.820000 0.840000 0.860000 0.820000 0.780000 0.840000 0.840000 0.840000 0.800000 0.860000 0.820000 0.820000 0.840000 0.840000 0.800000 0.840000 0.840000 0.820000 0.840000 0.840000 0.840000 0.840000 0.840000 0.840000 0.840000 0.780000
1kbe_a_af 0.866197 0.870079 0.874016 0.890558 0.896175 0.866197 0.833333 0.878924 0.901682 0.890152 0.892325 0.892934 0.883459 0.876652 0.865248 0.880460 0.877493 0.840000 0.000000 0.875000 0.860335 0.863636 0.860465 0.888412 0.861111 0.852941 0.876325 0.892325 0.889328 0.902635 0.894410 0.872774 0.884712 0.878906 0.861272 0.893939 0.884181 0.899083 0.872973 0.826667 0.900344 0.877637 0.871508 0.862150 0.896907 0.890034 0.893471 0.841584 0.894286 0.872774 0.869281 0.885906 0.881081 0.872340 0.890034 0.885281 0.875786 0.891892 0.891534 0.865942 0.900344 0.869841 0.838028 0.879487 0.887234 0.864035 0.882175 0.894309 0.872180 0.875445 0.880556 0.872396 0.875752 0.887984 0.890173 0.870968 0.866197 0.869427 0.883333 0.881188 0.856209 0.896272
1l6r_a_af 0.880282 0.906250 0.901786 0.888393 0.866071 0.880282 0.852941 0.879464 0.857143 0.892857 0.879464 0.879464 0.888393 0.883929 0.893617 0.852679 0.879464 0.820000 0.875000 0.000000 0.882682 0.876623 0.875969 0.888393 0.868056 0.882353 0.892857 0.879464 0.883929 0.861607 0.883929 0.901786 0.879464 0.888393 0.895954 0.879464 0.879464 0.866071 0.861607 0.840000 0.875000 0.875000 0.854749 0.870536 0.879464 0.875000 0.857143 0.861386 0.875000 0.901786 0.882353 0.892857 0.864865 0.901786 0.870536 0.852679 0.870536 0.879464 0.870536 0.870536 0.866071 0.870536 0.873239 0.892857 0.879464 0.888393 0.883929 0.866071 0.883929 0.875000 0.861607 0.883929 0.879464 0.852679 0.883929 0.883871 0.875000 0.875000 0.888393 0.906250 0.869281 0.892857
1m4r_a_af 0.880282 0.905028 0.910615 0.877095 0.865922 0.880282 0.872549 0.854749 0.871508 0.899441 0.854749 0.888268 0.865922 0.899441 0.879433 0.871508 0.888268 0.840000 0.860335 0.882682 0.000000 0.870130 0.883721 0.843575 0.881944 0.867647 0.871508 0.843575 0.905028 0.849162 0.871508 0.877095 0.871508 0.888268 0.884393 0.877095 0.871508 0.854749 0.871508 0.853333 0.860335 0.882682 0.893855 0.860335 0.849162 0.849162 0.837989 0.861386 0.865922 0.877095 0.843137 0.888268 0.871508 0.882682 0.865922 0.854749 0.865922 0.871508 0.860335 0.871508 0.871508 0.877095 0.873239 0.865922 0.871508 0.882682 0.882682 0.888268 0.877095 0.877095 0.888268 0.877095 0.882682 0.849162 0.854749 0.890323 0.877095 0.865922 0.877095 0.865922 0.875817 0.865922
1mbd_a_af 0.753521 0.896104 0.896104 0.876623 0.844156 0.753521 0.892157 0.857143 0.863636 0.883117 0.870130 0.857143 0.870130 0.883117 0.808511 0.863636 0.857143 0.840000 0.863636 0.876623 0.870130 0.000000 0.875969 0.883117 0.798611 0.875000 0.883117 0.850649 0.896104 0.857143 0.863636 0.876623 0.870130 0.876623 0.889610 0.876623 0.876623 0.850649 0.850649 0.840000 0.870130 0.883117 0.896104 0.870130 0.850649 0.850649 0.870130 0.871287 0.863636 0.876623 0.875817 0.870130 0.883117 0.896104 0.850649 0.850649 0.876623 0.844156 0.863636 0.850649 0.857143 0.870130 0.753521 0.876623 0.870130 0.863636 0.876623 0.870130 0.863636 0.857143 0.857143 0.883117 0.850649 0.870130 0.870130 0.889610 0.844156 0.863636 0.870130 0.883117 0.849673 0.870130
1n1d_a_af 0.906977 0.868217 0.868217 0.868217 0.844961 0.906977 0.911765 0.860465 0.860465 0.868217 0.852713 0.860465 0.844961 0.868217 0.891473 0.844961 0.868217 0.840000 0.860465 0.875969 0.883721 0.875969 0.000000 0.868217 0.891473 0.891473 0.844961 0.860465 0.868217 0.852713 0.860465 0.891473 0.852713 0.868217 0.883721 0.868217 0.875969 0.837209 0.875969 0.840000 0.837209 0.891473 0.868217 0.860465 0.852713 0.868217 0.860465 0.861386 0.868217 0.891473 0.883721 0.837209 0.883721 0.883721 0.837209 0.868217 0.860465 0.852713 0.860465 0.868217 0.852713 0.860465 0.922481 0.891473 0.868217 0.875969 0.860465 0.852713 0.891473 0.860465 0.860465 0.860465 0.852713 0.860465 0.852713 0.875969 0.844961 0.868217 0.883721 0.883721 0.875969 0.868217
1o5d_a_af 0.859155 0.901575 0.893701 0.896996 0.899142 0.859155 0.852941 0.896861 0.901288 0.882576 0.886266 0.886266 0.898496 0.885463 0.851064 0.903448 0.894587 0.840000 0.888412 0.888393 0.843575 0.883117 0.868217 0.000000 0.868056 0.852941 0.883392 0.881974 0.885375 0.877682 0.890558 0.903308 0.887218 0.890625 0.872832 0.893939 0.901130 0.901288 0.897297 0.826667 0.884120 0.877637 0.871508 0.894860 0.896996 0.881974 0.886266 0.881188 0.894286 0.903308 0.875817 0.885906 0.848649 0.886525 0.875536 0.893939 0.881974 0.895270 0.883598 0.879828 0.894850 0.876190 0.859155 0.900000 0.905579 0.872807 0.900302 0.905579 0.872180 0.886121 0.902778 0.885417 0.877682 0.884120 0.894850 0.870968 0.890845 0.885350 0.875000 0.891089 0.869281 0.896996
1out_a_af 0.471831 0.881944 0.888889 0.868056 0.861111 0.471831 0.872549 0.861111 0.833333 0.868056 0.840278 0.868056 0.868056 0.868056 0.687943 0.888889 0.854167 0.840000 0.861111 0.868056 0.881944 0.798611 0.891473 0.868056 0.000000 0.845588 0.861111 0.861111 0.875000 0.840278 0.868056 0.861111 0.875000 0.875000 0.875000 0.854167 0.868056 0.868056 0.868056 0.880000 0.854167 0.868056 0.875000 0.861111 0.840278 0.861111 0.868056 0.871287 0.881944 0.861111 0.902778 0.861111 0.888889 0.868056 0.854167 0.868056 0.847222 0.875000 0.847222 0.833333 0.847222 0.854167 0.422535 0.840278 0.861111 0.847222 0.868056 0.868056 0.861111 0.868056 0.854167 0.854167 0.854167 0.833333 0.847222 0.902778 0.868056 0.847222 0.875000 0.875000 0.881944 0.854167
1p3a_a_af 0.882353 0.867647 0.852941 0.867647 0.867647 0.882353 0.872549 0.867647 0.875000 0.852941 0.845588 0.867647 0.867647 0.867647 0.867647 0.838235 0.867647 0.780000 0.852941 0.882353 0.867647 0.875000 0.891473 0.852941 0.845588 0.000000 0.860294 0.860294 0.845588 0.860294 0.852941 0.867647 0.875000 0.838235 0.860294 0.852941 0.867647 0.838235 0.845588 0.866667 0.860294 0.875000 0.882353 0.860294 0.867647 0.830882 0.852941 0.881188 0.875000 0.867647 0.889706 0.875000 0.867647 0.852941 0.852941 0.860294 0.860294 0.882353 0.794118 0.823529 0.838235 0.852941 0.889706 0.867647 0.867647 0.882353 0.882353 0.889706 0.867647 0.860294 0.882353 0.860294 0.860294 0.852941 0.867647 0.882353 0.867647 0.875000 0.852941 0.860294 0.875000 0.852941
1q6a_a_af 0.866197 0.881890 0.893701 0.872792 0.872792 0.866197 0.882353 0.879859 0.872792 0.893939 0.879859 0.883392 0.860902 0.881057 0.872340 0.897527 0.897527 0.820000 0.876325 0.892857 0.871508 0.883117 0.844961 0.883392 0.861111 0.860294 0.000000 0.858657 0.881423 0.890459 0.876325 0.883392 0.886926 0.902344 0.884393 0.876325 0.886926 0.872792 0.872792 0.840000 0.879859 0.894515 0.882682 0.865724 0.869258 0.883392 0.872792 0.871287 0.897527 0.883392 0.862745 0.893993 0.897297 0.907801 0.876325 0.876325 0.876325 0.893993 0.886926 0.886926 0.883392 0.886926 0.866197 0.883392 0.883392 0.890351 0.883392 0.883392 0.879699 0.879004 0.886926 0.893993 0.879859 0.890459 0.890459 0.870968 0.890459 0.890459 0.890459 0.897527 0.875817 0.869258
1qg3_a_af 0.845070 0.870079 0.866142 0.884120 0.894809 0.845070 0.862745 0.876682 0.892626 0.871212 0.901996 0.886510 0.879699 0.863436 0.872340 0.880460 0.886040 0.820000 0.892325 0.879464 0.843575 0.850649 0.860465 0.881974 0.861111 0.860294 0.858657 0.000000 0.857708 0.893443 0.891304 0.857506 0.869674 0.859375 0.855491 0.873737 0.884181 0.888379 0.889189 0.853333 0.898917 0.864979 0.877095 0.876168 0.899101 0.897016 0.895509 0.851485 0.891429 0.857506 0.875817 0.875839 0.881081 0.872340 0.890574 0.887446 0.893082 0.875000 0.891534 0.880435 0.888158 0.863492 0.838028 0.871795 0.889362 0.877193 0.879154 0.896341 0.845865 0.864769 0.883333 0.880208 0.877756 0.875764 0.878613 0.870968 0.862676 0.866242 0.883333 0.871287 0.856209 0.891410
1qm0_a_af 0.873239 0.126482 0.114625 0.893281 0.881423 0.873239 0.862745 0.885375 0.877470 0.106719 0.897233 0.869565 0.901186 0.898678 0.893617 0.889328 0.893281 0.840000 0.889328 0.883929 0.905028 0.896104 0.868217 0.885375 0.875000 0.845588 0.881423 0.857708 0.000000 0.865613 0.905138 0.889328 0.897233 0.114625 0.884393 0.889328 0.905138 0.893281 0.901186 0.853333 0.889328 0.890295 0.882682 0.901186 0.889328 0.877470 0.889328 0.871287 0.873518 0.889328 0.901961 0.893281 0.891892 0.881423 0.885375 0.889328 0.889328 0.905138 0.881423 0.877470 0.877470 0.889328 0.873239 0.893281 0.885375 0.899123 0.901186 0.873518 0.905138 0.889328 0.877470 0.885375 0.881423 0.897233 0.877470 0.883871 0.913043 0.897233 0.909091 0.885375 0.908497 0.901186
1s7m_a_af 0.852113 0.870079 0.870079 0.871245 0.883880 0.852113 0.813725 0.874439 0.890039 0.890152 0.897086 0.880086 0.864662 0.854626 0.858156 0.875862 0.877493 0.780000 0.902635 0.861607 0.849162 0.857143 0.852713 0.877682 0.840278 0.860294 0.890459 0.893443 0.865613 0.000000 0.891304 0.890585 0.877193 0.875000 0.843931 0.876263 0.875706 0.888379 0.889189 0.840000 0.910747 0.886076 0.860335 0.873832 0.884116 0.898941 0.891621 0.841584 0.860000 0.890585 0.882353 0.882550 0.854054 0.886525 0.891658 0.883117 0.899371 0.878378 0.880952 0.871377 0.894737 0.857143 0.845070 0.876923 0.885106 0.877193 0.885196 0.876016 0.864662 0.846975 0.883333 0.890625 0.895792 0.883910 0.886320 0.870968 0.866197 0.885350 0.883333 0.877888 0.856209 0.893031
1t4w_a_af 0.880282 0.901575 0.893701 0.896996 0.897516 0.880282 0.872549 0.890135 0.903727 0.890152 0.903727 0.892934 0.868421 0.845815 0.865248 0.887356 0.886040 0.840000 0.894410 0.883929 0.871508 0.863636 0.860465 0.890558 0.868056 0.852941 0.876325 0.891304 0.905138 0.891304 0.000000 0.880407 0.889724 0.906250 0.884393 0.888889 0.892655 0.886646 0.891892 0.840000 0.892857 0.886076 0.882682 0.894860 0.889752 0.895963 0.897516 0.851485 0.900000 0.880407 0.888889 0.865772 0.864865 0.886525 0.883540 0.898268 0.904088 0.878378 0.891534 0.894928 0.891304 0.888889 0.873239 0.884615 0.902128 0.881579 0.879154 0.902439 0.875940 0.886121 0.886111 0.901042 0.883768 0.890020 0.895954 0.851613 0.862676 0.891720 0.875000 0.891089 0.875817 0.905997
1tup_c_af 0.859155 0.893701 0.893701 0.880407 0.885496 0.859155 0.872549 0.898219 0.890585 0.901515 0.880407 0.890585 0.894737 0.894273 0.872340 0.905852 0.897436 0.800000 0.872774 0.901786 0.877095 0.876623 0.891473 0.903308 0.861111 0.867647 0.883392 0.857506 0.889328 0.890585 0.880407 0.000000 0.893130 0.898438 0.878613 0.903308 0.903955 0.893130 0.916216 0.866667 0.893130 0.890295 0.882682 0.890585 0.890585 0.877863 0.872774 0.861386 0.894286 0.000000 0.869281 0.895973 0.886486 0.890071 0.882952 0.888041 0.661578 0.878378 0.883598 0.898219 0.885496 0.873016 0.859155 0.243590 0.900763 0.899123 0.900302 0.895674 0.887218 0.900356 0.888889 0.898438 0.895674 0.898219 0.890585 0.890323 0.894366 0.878981 0.891667 0.887789 0.862745 0.882952
1u2b_a_af 0.866197 0.901575 0.909449 0.899749 0.869674 0.866197 0.892157 0.899749 0.902256 0.890152 0.892231 0.904762 0.879699 0.863436 0.865248 0.902256 0.888889 0.800000 0.884712 0.879464 0.871508 0.870130 0.852713 0.887218 0.875000 0.875000 0.886926 0.869674 0.897233 0.877193 0.889724 0.893130 0.000000 0.898438 0.872832 0.904040 0.895480 0.887218 0.902703 0.813333 0.877193 0.898734 0.877095 0.884712 0.867168 0.882206 0.889724 0.831683 0.900000 0.893130 0.869281 0.869128 0.886486 0.893617 0.879699 0.899749 0.889724 0.891892 0.902116 0.879699 0.882206 0.885714 0.873239 0.897436 0.889724 0.881579 0.882175 0.899749 0.883459 0.900356 0.894444 0.895833 0.899749 0.889724 0.892231 0.864516 0.873239 0.891720 0.883333 0.884488 0.856209 0.887218
1uw3_a_af 0.880282 0.169291 0.153543 0.898438 0.878906 0.880282 0.872549 0.886719 0.863281 0.039062 0.898438 0.867188 0.886719 0.889868 0.879433 0.898438 0.894531 0.860000 0.878906 0.888393 0.888268 0.876623 0.868217 0.890625 0.875000 0.838235 0.902344 0.859375 0.114625 0.875000 0.906250 0.898438 0.898438 0.000000 0.890173 0.898438 0.898438 0.902344 0.902344 0.853333 0.882812 0.886076 0.877095 0.902344 0.890625 0.878906 0.875000 0.861386 0.878906 0.902344 0.888889 0.886719 0.881081 0.894531 0.886719 0.886719 0.886719 0.902344 0.875000 0.882812 0.867188 0.894531 0.873239 0.878906 0.878906 0.907895 0.902344 0.882812 0.898438 0.890625 0.882812 0.890625 0.875000 0.886719 0.890625 0.890323 0.914062 0.902344 0.902344 0.898438 0.895425 0.902344
1v3a_a_af 0.901408 0.890173 0.895954 0.878613 0.872832 0.901408 0.852941 0.878613 0.855491 0.890173 0.867052 0.872832 0.890173 0.884393 0.879433 0.890173 0.884393 0.840000 0.861272 0.895954 0.884393 0.889610 0.883721 0.872832 0.875000 0.860294 0.884393 0.855491 0.884393 0.843931 0.884393 0.878613 0.872832 0.890173 0.000000 0.895954 0.884393 0.867052 0.878613 0.853333 0.849711 0.895954 0.895954 0.884393 0.855491 0.849711 0.867052 0.881188 0.872832 0.884393 0.888889 0.872832 0.884393 0.895954 0.867052 0.861272 0.867052 0.884393 0.861272 0.867052 0.878613 0.867052 0.894366 0.890173 0.872832 0.867052 0.895954 0.872832 0.867052 0.878613 0.895954 0.867052 0.867052 0.878613 0.878613 0.903226 0.867052 0.872832 0.878613 0.884393 0.882353 0.855491
1x2a_a_af 0.859155 0.881890 0.893701 0.886364 0.891414 0.859155 0.862745 0.898990 0.888889 0.893939 0.873737 0.904040 0.887218 0.876652 0.851064 0.909091 0.886040 0.800000 0.893939 0.879464 0.877095 0.876623 0.868217 0.893939 0.854167 0.852941 0.876325 0.873737 0.889328 0.876263 0.888889 0.903308 0.904040 0.898438 0.895954 0.000000 0.889831 0.893939 0.889189 0.866667 0.888889 0.881857 0.871508 0.883838 0.876263 0.871212 0.883838 0.861386 0.897143 0.903308 0.869281 0.892617 0.864865 0.886525 0.886364 0.873737 0.888889 0.881757 0.904762 0.871212 0.883838 0.873016 0.859155 0.889744 0.898990 0.877193 0.888218 0.886364 0.872180 0.854093 0.891667 0.895833 0.886364 0.886364 0.896465 0.883871 0.880282 0.885350 0.891667 0.864686 0.856209 0.871212
1y3a_a_af 0.866197 0.893701 0.897638 0.903955 0.861582 0.866197 0.852941 0.898305 0.889831 0.905303 0.892655 0.889831 0.883459 0.872247 0.865248 0.892655 0.894587 0.800000 0.884181 0.879464 0.871508 0.876623 0.875969 0.901130 0.868056 0.867647 0.886926 0.884181 0.905138 0.875706 0.892655 0.903955 0.895480 0.898438 0.884393 0.889831 0.000000 0.872881 0.892655 0.813333 0.895480 0.890295 0.893855 0.898305 0.881356 0.892655 0.887006 0.841584 0.900000 0.903955 0.849673 0.895973 0.891892 0.890071 0.887006 0.892655 0.895480 0.905405 0.903955 0.887006 0.892655 0.895238 0.830986 0.895480 0.895480 0.881579 0.900302 0.887006 0.883459 0.889680 0.903955 0.895480 0.898305 0.884181 0.887006 0.877419 0.873239 0.888535 0.903955 0.894389 0.862745 0.887006
1z1a_a_af 0.873239 0.881890 0.874016 0.899142 0.889908 0.873239 0.872549 0.896861 0.906728 0.893939 0.889908 0.903640 0.879699 0.881057 0.851064 0.878161 0.880342 0.800000 0.899083 0.866071 0.854749 0.850649 0.837209 0.901288 0.868056 0.838235 0.872792 0.888379 0.893281 0.888379 0.886646 0.893130 0.887218 0.902344 0.867052 0.893939 0.872881 0.000000 0.883784 0.840000 0.894495 0.886076 0.860335 0.892523 0.894495 0.899083 0.886850 0.841584 0.885714 0.893130 0.869281 0.869128 0.870270 0.886525 0.891437 0.893939 0.908805 0.875000 0.902116 0.893116 0.896024 0.892063 0.859155 0.892308 0.887234 0.864035 0.894260 0.886179 0.887218 0.886121 0.888889 0.885417 0.895792 0.885947 0.905588 0.877419 0.862676 0.885350 0.880556 0.884488 0.869281 0.901135
2a2a_a_af 0.859155 0.897638 0.909449 0.902703 0.883784 0.859155 0.872549 0.878378 0.886486 0.897727 0.878378 0.894595 0.883459 0.881057 0.858156 0.886486 0.809117 0.840000 0.872973 0.861607 0.871508 0.850649 0.875969 0.897297 0.868056 0.845588 0.872792 0.889189 0.901186 0.889189 0.891892 0.916216 0.902703 0.902344 0.878613 0.889189 0.892655 0.883784 0.000000 0.826667 0.891892 0.890295 0.882682 0.900000 0.872973 0.881081 0.878378 0.821782 0.908571 0.897297 0.843137 0.885906 0.859459 0.882979 0.881081 0.889189 0.894595 0.891892 0.902703 0.886486 0.886486 0.876190 0.845070 0.900000 0.894595 0.872807 0.897281 0.878378 0.864662 0.879004 0.894444 0.891892 0.821622 0.891892 0.875676 0.864516 0.873239 0.888535 0.811111 0.900990 0.856209 0.886486
2e1a_a_af 0.866667 0.853333 0.853333 0.853333 0.826667 0.866667 0.893333 0.840000 0.840000 0.840000 0.800000 0.866667 0.853333 0.853333 0.840000 0.826667 0.840000 0.860000 0.826667 0.840000 0.853333 0.840000 0.840000 0.826667 0.880000 0.866667 0.840000 0.853333 0.853333 0.840000 0.840000 0.866667 0.813333 0.853333 0.853333 0.866667 0.813333 0.840000 0.826667 0.000000 0.840000 0.826667 0.853333 0.853333 0.813333 0.826667 0.840000 0.866667 0.840000 0.866667 0.866667 0.840000 0.880000 0.840000 0.840000 0.813333 0.853333 0.840000 0.840000 0.840000 0.840000 0.840000 0.866667 0.840000 0.840000 0.866667 0.853333 0.840000 0.866667 0.853333 0.866667 0.840000 0.840000 0.813333 0.813333 0.880000 0.826667 0.853333 0.813333 0.853333 0.866667 0.840000
2f1a_a_af 0.838028 0.877953 0.885827 0.890558 0.897541 0.838028 0.852941 0.896861 0.902975 0.886364 0.899274 0.884368 0.875940 0.881057 0.858156 0.887356 0.897436 0.800000 0.900344 0.875000 0.860335 0.870130 0.837209 0.884120 0.854167 0.860294 0.879859 0.898917 0.889328 0.910747 0.892857 0.893130 0.877193 0.882812 0.849711 0.888889 0.895480 0.894495 0.891892 0.840000 0.000000 0.881857 0.860335 0.890187 0.897103 0.900866 0.914260 0.831683 0.885714 0.890585 0.875817 0.875839 0.870270 0.897163 0.899242 0.885281 0.899371 0.881757 0.886243 0.884058 0.905702 0.876190 0.852113 0.871795 0.895745 0.868421 0.894260 0.888211 0.875940 0.864769 0.886111 0.895833 0.885772 0.887984 0.874759 0.877419 0.876761 0.872611 0.875000 0.874587 0.849673 0.896272
2g1a_a_af 0.887324 0.898734 0.894515 0.886076 0.886076 0.887324 0.862745 0.890295 0.864979 0.886076 0.864979 0.877637 0.881857 0.898678 0.886525 0.890295 0.894515 0.800000 0.877637 0.875000 0.882682 0.883117 0.891473 0.877637 0.868056 0.875000 0.894515 0.864979 0.890295 0.886076 0.886076 0.890295 0.898734 0.886076 0.895954 0.881857 0.890295 0.886076 0.890295 0.826667 0.881857 0.000000 0.888268 0.886076 0.873418 0.886076 0.881857 0.871287 0.890295 0.898734 0.895425 0.877637 0.870270 0.898734 0.869198 0.873418 0.886076 0.902954 0.877637 0.877637 0.873418 0.877637 0.866197 0.886076 0.869198 0.894737 0.898734 0.881857 0.877637 0.881857 0.877637 0.873418 0.856540 0.869198 0.860759 0.877419 0.881857 0.869198 0.856540 0.869198 0.875817 0.881857
2h1a_a_af 0.880282 0.877095 0.882682 0.871508 0.837989 0.880282 0.872549 0.877095 0.877095 0.882682 0.877095 0.877095 0.882682 0.893855 0.886525 0.865922 0.882682 0.820000 0.871508 0.854749 0.893855 0.896104 0.868217 0.871508 0.875000 0.882353 0.882682 0.877095 0.882682 0.860335 0.882682 0.882682 0.877095 0.877095 0.895954 0.871508 0.893855 0.860335 0.882682 0.853333 0.860335 0.888268 0.000000 0.837989 0.854749 0.865922 0.865922 0.861386 0.871508 0.865922 0.901961 0.871508 0.871508 0.905028 0.877095 0.865922 0.888268 0.893855 0.860335 0.837989 0.843575 0.860335 0.866197 0.888268 0.877095 0.882682 0.877095 0.888268 0.877095 0.877095 0.877095 0.882682 0.893855 0.882682 0.854749 0.896774 0.888268 0.871508 0.888268 0.860335 0.882353 0.854749
2i1a_a_af 0.873239 0.901575 0.889764 0.885514 0.892523 0.873239 0.862745 0.890187 0.878505 0.893939 0.885514 0.885514 0.883459 0.876652 0.886525 0.897196 0.888889 0.820000 0.862150 0.870536 0.860335 0.870130 0.860465 0.894860 0.861111 0.860294 0.865724 0.876168 0.901186 0.873832 0.894860 0.890585 0.884712 0.902344 0.884393 0.883838 0.898305 0.892523 0.900000 0.853333 0.890187 0.886076 0.837989 0.000000 0.876168 0.897196 0.883178 0.851485 0.885714 0.890585 0.862745 0.875839 0.864865 0.897163 0.878505 0.897196 0.897196 0.898649 0.899471 0.878505 0.894860 0.888889 0.859155 0.887179 0.885514 0.872807 0.888218 0.892523 0.860902 0.893238 0.900000 0.888021 0.894860 0.897196 0.880841 0.870968 0.873239 0.875796 0.883333 0.881188 0.862745 0.892523
2j1a_a_af 0.838028 0.893701 0.877953 0.899142 0.881148 0.838028 0.843137 0.887892 0.895213 0.890152 0.905095 0.882227 0.864662 0.863436 0.851064 0.880460 0.877493 0.780000 0.896907 0.879464 0.849162 0.850649 0.852713 0.896996 0.840278 0.867647 0.869258 0.899101 0.889328 0.884116 0.889752 0.890585 0.867168 0.890625 0.855491 0.876263 0.881356 0.894495 0.872973 0.813333 0.897103 0.873418 0.854749 0.876168 0.000000 0.896104 0.894106 0.851485 0.882857 0.890585 0.843137 0.872483 0.870270 0.890071 0.904659 0.891775 0.888365 0.875000 0.875661 0.889493 0.895833 0.860317 0.845070 0.897436 0.889362 0.859649 0.882175 0.890244 0.868421 0.864769 0.880556 0.882812 0.897796 0.896130 0.890173 0.864516 0.862676 0.859873 0.886111 0.891089 0.836601 0.894652
2k1a_a_af 0.845070 0.874016 0.881890 0.873391 0.892077 0.845070 0.843137 0.890135 0.891332 0.878788 0.896054 0.888651 0.879699 0.876652 0.843972 0.887356 0.891738 0.820000 0.890034 0.875000 0.849162 0.850649 0.868217 0.881974 0.861111 0.830882 0.883392 0.897016 0.877470 0.898941 0.895963 0.877863 0.882206 0.878906 0.849711 0.871212 0.892655 0.899083 0.881081 0.826667 0.900866 0.886076 0.865922 0.897196 0.896104 0.000000 0.902791 0.831683 0.891429 0.877863 0.869281 0.885906 0.864865 0.868794 0.886241 0.867965 0.882075 0.875000 0.870370 0.882246 0.906798 0.873016 0.809859 0.892308 0.887234 0.855263 0.888218 0.878049 0.857143 0.854093 0.877778 0.875000 0.871743 0.879837 0.897881 0.864516 0.876761 0.863057 0.886111 0.867987 0.856209 0.886548
2l1a_a_af 0.859155 0.870079 0.874016 0.888412 0.896175 0.859155 0.872549 0.876682 0.893920 0.878788 0.906534 0.882227 0.857143 0.876652 0.843972 0.891954 0.894587 0.800000 0.893471 0.857143 0.837989 0.870130 0.860465 0.886266 0.868056 0.852941 0.872792 0.895509 0.889328 0.891621 0.897516 0.872774 0.889724 0.875000 0.867052 0.883838 0.887006 0.886850 0.878378 0.840000 0.914260 0.881857 0.865922 0.883178 0.894106 0.902791 0.000000 0.811881 0.868571 0.880407 0.862745 0.875839 0.875676 0.890071 0.894908 0.896104 0.897799 0.854730 0.883598 0.896739 0.902412 0.885714 0.866197 0.876923 0.885106 0.885965 0.867069 0.878049 0.868421 0.868327 0.875000 0.893229 0.881764 0.875764 0.892100 0.870968 0.869718 0.898089 0.883333 0.864686 0.843137 0.886548
2n1a_a_af 0.891089 0.871287 0.891089 0.871287 0.831683 0.891089 0.910891 0.861386 0.841584 0.861386 0.851485 0.871287 0.881188 0.841584 0.851485 0.841584 0.861386 0.840000 0.841584 0.861386 0.861386 0.871287 0.861386 0.881188 0.871287 0.881188 0.871287 0.851485 0.871287 0.841584 0.851485 0.861386 0.831683 0.861386 0.881188 0.861386 0.841584 0.841584 0.821782 0.866667 0.831683 0.871287 0.861386 0.851485 0.851485 0.831683 0.811881 0.000000 0.841584 0.851485 0.871287 0.831683 0.871287 0.861386 0.831683 0.871287 0.841584 0.861386 0.841584 0.831683 0.801980 0.881188 0.881188 0.871287 0.871287 0.861386 0.871287 0.861386 0.861386 0.881188 0.861386 0.881188 0.871287 0.881188 0.861386 0.831683 0.831683 0.861386 0.841584 0.861386 0.881188 0.851485
2o1a_a_af 0.866197 0.885827 0.877953 0.888571 0.885714 0.866197 0.862745 0.894286 0.877143 0.882576 0.882857 0.877143 0.872180 0.863436 0.851064 0.891429 0.902857 0.800000 0.894286 0.875000 0.865922 0.863636 0.868217 0.894286 0.881944 0.875000 0.897527 0.891429 0.873518 0.860000 0.900000 0.894286 0.900000 0.878906 0.872832 0.897143 0.900000 0.885714 0.908571 0.840000 0.885714 0.890295 0.871508 0.885714 0.882857 0.891429 0.868571 0.841584 0.000000 0.894286 0.869281 0.895973 0.848649 0.882979 0.882857 0.882857 0.897143 0.875000 0.894286 0.900000 0.891429 0.882540 0.866197 0.900000 0.891429 0.899123 0.897281 0.894286 0.887218 0.886121 0.908571 0.894286 0.891429 0.897143 0.894286 0.864516 0.883803 0.885350 0.908571 0.897690 0.882353 0.885714
2ocj_a_af 0.859155 0.893701 0.893701 0.880407 0.885496 0.859155 0.872549 0.898219 0.890585 0.901515 0.880407 0.890585 0.894737 0.894273 0.872340 0.905852 0.897436 0.800000 0.872774 0.901786 0.877095 0.876623 0.891473 0.903308 0.861111 0.867647 0.883392 0.857506 0.889328 0.890585 0.880407 0.000000 0.893130 0.902344 0.884393 0.903308 0.903955 0.893130 0.897297 0.866667 0.890585 0.898734 0.865922 0.890585 0.890585 0.877863 0.880407 0.851485 0.894286 0.000000 0.869281 0.895973 0.886486 0.890071 0.882952 0.888041 0.661578 0.878378 0.883598 0.898219 0.885496 0.873016 0.859155 0.243590 0.900763 0.899123 0.900302 0.895674 0.887218 0.900356 0.888889 0.898438 0.895674 0.898219 0.890585 0.890323 0.894366 0.878981 0.891667 0.887789 0.862745 0.882952
2p1a_a_af 0.894366 0.888889 0.895425 0.862745 0.849673 0.894366 0.892157 0.875817 0.882353 0.875817 0.862745 0.875817 0.875817 0.888889 0.900709 0.862745 0.862745 0.860000 0.869281 0.882353 0.843137 0.875817 0.883721 0.875817 0.902778 0.889706 0.862745 0.875817 0.901961 0.882353 0.888889 0.869281 0.869281 0.888889 0.888889 0.869281 0.849673 0.869281 0.843137 0.866667 0.875817 0.895425 0.901961 0.862745 0.843137 0.869281 0.862745 0.871287 0.869281 0.869281 0.000000 0.856209 0.888889 0.875817 0.869281 0.888889 0.856209 0.875817 0.869281 0.882353 0.888889 0.888889 0.908451 0.869281 0.882353 0.882353 0.856209 0.882353 0.875817 0.888889 0.875817 0.856209 0.875817 0.875817 0.862745 0.901961 0.849673 0.888889 0.875817 0.882353 0.901961 0.843137
2q1a_a_af 0.873239 0.881890 0.893701 0.892617 0.882550 0.873239 0.872549 0.879195 0.885906 0.875000 0.889262 0.882550 0.879699 0.876652 0.865248 0.889262 0.882550 0.840000 0.885906 0.892857 0.888268 0.870130 0.837209 0.885906 0.861111 0.875000 0.893993 0.875839 0.893281 0.882550 0.865772 0.895973 0.869128 0.886719 0.872832 0.892617 0.895973 0.869128 0.885906 0.840000 0.875839 0.877637 0.871508 0.875839 0.872483 0.885906 0.875839 0.831683 0.895973 0.895973 0.856209 0.000000 0.886486 0.904255 0.869128 0.889262 0.882550 0.898649 0.875839 0.869128 0.892617 0.872483 0.873239 0.899329 0.889262 0.855263 0.872483 0.889262 0.879699 0.900356 0.895973 0.885906 0.895973 0.889262 0.879195 0.864516 0.890845 0.892617 0.895973 0.909396 0.882353 0.869128
2r1a_a_af 0.894366 0.886486 0.881081 0.886486 0.859459 0.894366 0.882353 0.870270 0.854054 0.875676 0.881081 0.854054 0.886486 0.897297 0.879433 0.859459 0.864865 0.860000 0.881081 0.864865 0.871508 0.883117 0.883721 0.848649 0.888889 0.867647 0.897297 0.881081 0.891892 0.854054 0.864865 0.886486 0.886486 0.881081 0.884393 0.864865 0.891892 0.870270 0.859459 0.880000 0.870270 0.870270 0.871508 0.864865 0.870270 0.864865 0.875676 0.871287 0.848649 0.886486 0.888889 0.886486 0.000000 0.859459 0.864865 0.875676 0.864865 0.854054 0.859459 0.864865 0.875676 0.881081 0.880282 0.875676 0.875676 0.891892 0.870270 0.881081 0.859459 0.875676 0.859459 0.897297 0.886486 0.870270 0.886486 0.877419 0.854054 0.870270 0.870270 0.875676 0.875817 0.870270
