86
1tup_c 0.000000 0.139175 0.825000 0.871795 0.875000 0.875000 0.893204 0.887179 0.867925 0.866667 0.886525 0.886525 0.878571 0.880282 0.915033 0.000000 0.891667 0.892308 0.892308 0.868852 0.882051 0.892308 0.902564 0.882051 0.902703 0.876923 0.887179 0.887179 0.897436 0.892308 0.892308 0.857143 0.907692 0.887324 0.873016 0.887755 0.869159 0.879747 0.891429 0.890625 0.901235 0.882051 0.887179 0.892308 0.894737 0.887179 0.897436 0.866667 0.866667 0.907692 0.897059 0.894737 0.886525 0.897436 0.902564 0.917949 0.892308 0.891667 0.897810 0.885496 0.892308 0.895833 0.882051 0.885057 0.882051 0.882051 0.871212 0.866667 0.879433 0.898734 0.897436 0.902564 0.882051 0.890625 0.876923 0.876923 0.887179 0.887179 0.861538 0.871795 0.882051 0.876923 0.892308 0.853659 0.854167 0.887179
3exj_a 0.139175 0.000000 0.850000 0.871134 0.875000 0.865385 0.893204 0.902062 0.877358 0.865979 0.886525 0.886525 0.878571 0.873239 0.895425 0.139175 0.891667 0.881443 0.886598 0.877049 0.881443 0.891753 0.891753 0.881443 0.902703 0.881443 0.876289 0.886598 0.896907 0.896907 0.891753 0.857143 0.902062 0.873239 0.896825 0.887755 0.887850 0.892405 0.885714 0.875000 0.895062 0.896907 0.876289 0.896907 0.894737 0.896907 0.876289 0.853333 0.860825 0.902062 0.889706 0.885965 0.886525 0.886598 0.902062 0.912371 0.896907 0.891667 0.868613 0.885496 0.891753 0.902778 0.891753 0.873563 0.871134 0.871134 0.871212 0.891753 0.900709 0.886076 0.891753 0.886598 0.891753 0.867188 0.876289 0.876289 0.881443 0.902062 0.876289 0.881443 0.876289 0.860825 0.876289 0.853659 0.875000 0.891753
2wtt_a 0.825000 0.850000 0.000000 0.850000 0.875000 0.850000 0.825000 0.875000 0.825000 0.750000 0.850000 0.850000 0.825000 0.825000 0.800000 0.825000 0.800000 0.825000 0.775000 0.825000 0.825000 0.775000 0.850000 0.775000 0.825000 0.800000 0.825000 0.800000 0.800000 0.750000 0.800000 0.925000 0.825000 0.800000 0.825000 0.725000 0.725000 0.875000 0.825000 0.825000 0.800000 0.825000 0.775000 0.825000 0.825000 0.750000 0.775000 0.850000 0.700000 0.825000 0.850000 0.850000 0.825000 0.850000 0.800000 0.875000 0.850000 0.850000 0.825000 0.800000 0.825000 0.825000 0.800000 0.850000 0.800000 0.800000 0.800000 0.825000 0.850000 0.825000 0.825000 0.800000 0.825000 0.850000 0.825000 0.825000 0.800000 0.825000 0.850000 0.825000 0.825000 0.800000 0.750000 0.825000 0.850000 0.775000
1t4w_a 0.871795 0.871134 0.850000 0.000000 0.865385 0.875000 0.893204 0.887755 0.877358 0.887755 0.879433 0.879433 0.885714 0.880282 0.869281 0.871134 0.883333 0.861538 0.892857 0.893443 0.892857 0.903061 0.913265 0.892857 0.908108 0.877551 0.903061 0.892857 0.887755 0.887755 0.872449 0.857143 0.897959 0.887324 0.880952 0.877551 0.878505 0.886076 0.897143 0.882812 0.882716 0.892857 0.887755 0.877551 0.877193 0.862245 0.882653 0.853333 0.872449 0.897959 0.882353 0.885965 0.893617 0.908163 0.908163 0.903061 0.892857 0.875000 0.890511 0.893130 0.897959 0.895833 0.903061 0.850575 0.882653 0.882653 0.893939 0.887755 0.886525 0.886076 0.908163 0.887755 0.882653 0.890625 0.887755 0.903061 0.872449 0.882653 0.892857 0.903061 0.892857 0.872449 0.892857 0.829268 0.791667 0.887755
1qm0_a 0.875000 0.875000 0.875000 0.865385 0.000000 0.076923 0.097087 0.144231 0.086538 0.884615 0.894231 0.894231 0.884615 0.913462 0.913462 0.875000 0.894231 0.865385 0.855769 0.913462 0.865385 0.884615 0.855769 0.865385 0.884615 0.865385 0.875000 0.903846 0.884615 0.875000 0.865385 0.877551 0.875000 0.894231 0.865385 0.887755 0.884615 0.903846 0.884615 0.884615 0.894231 0.884615 0.894231 0.884615 0.884615 0.875000 0.865385 0.853333 0.846154 0.865385 0.884615 0.903846 0.846154 0.884615 0.875000 0.903846 0.875000 0.865385 0.865385 0.894231 0.903846 0.884615 0.865385 0.896552 0.836538 0.855769 0.894231 0.875000 0.903846 0.903846 0.894231 0.894231 0.875000 0.865385 0.875000 0.894231 0.884615 0.884615 0.884615 0.894231 0.865385 0.855769 0.855769 0.914634 0.791667 0.865385
1dx0_a 0.875000 0.865385 0.850000 0.875000 0.076923 0.000000 0.087379 0.115385 0.048077 0.884615 0.913462 0.913462 0.875000 0.903846 0.903846 0.875000 0.894231 0.855769 0.875000 0.913462 0.855769 0.875000 0.855769 0.894231 0.875000 0.875000 0.894231 0.884615 0.875000 0.875000 0.855769 0.877551 0.884615 0.913462 0.865385 0.897959 0.884615 0.894231 0.894231 0.884615 0.894231 0.875000 0.884615 0.875000 0.894231 0.865385 0.855769 0.840000 0.836538 0.884615 0.884615 0.913462 0.855769 0.903846 0.894231 0.894231 0.865385 0.884615 0.875000 0.884615 0.903846 0.894231 0.875000 0.896552 0.865385 0.846154 0.903846 0.875000 0.913462 0.894231 0.884615 0.884615 0.875000 0.855769 0.865385 0.894231 0.894231 0.875000 0.875000 0.894231 0.855769 0.846154 0.846154 0.902439 0.833333 0.846154
1ag2_a 0.893204 0.893204 0.825000 0.893204 0.097087 0.087379 0.000000 0.058252 0.097087 0.883495 0.902913 0.902913 0.883495 0.912621 0.912621 0.893204 0.883495 0.873786 0.893204 0.902913 0.873786 0.893204 0.864078 0.883495 0.873786 0.873786 0.883495 0.893204 0.883495 0.864078 0.883495 0.877551 0.893204 0.902913 0.873786 0.908163 0.893204 0.893204 0.902913 0.873786 0.902913 0.873786 0.883495 0.873786 0.893204 0.873786 0.854369 0.866667 0.834951 0.864078 0.893204 0.893204 0.854369 0.893204 0.893204 0.922330 0.893204 0.864078 0.893204 0.883495 0.902913 0.893204 0.873786 0.896552 0.834951 0.844660 0.883495 0.873786 0.912621 0.883495 0.883495 0.893204 0.864078 0.864078 0.854369 0.883495 0.893204 0.873786 0.893204 0.893204 0.864078 0.854369 0.864078 0.878049 0.833333 0.864078
1b10_a 0.887179 0.902062 0.875000 0.887755 0.144231 0.115385 0.058252 0.000000 0.122642 0.910979 0.907801 0.907801 0.885714 0.901408 0.908497 0.886598 0.891667 0.887179 0.927649 0.885246 0.905128 0.901408 0.921711 0.907850 0.886486 0.919144 0.911628 0.900000 0.898678 0.906250 0.899696 0.877551 0.902222 0.908451 0.865079 0.877551 0.859813 0.898734 0.897143 0.890625 0.888889 0.901639 0.909091 0.906355 0.894737 0.901316 0.893281 0.866667 0.914286 0.909091 0.897059 0.877193 0.879433 0.929705 0.911682 0.921154 0.891586 0.850000 0.890511 0.862595 0.933523 0.895833 0.913525 0.862069 0.906627 0.909270 0.871212 0.913333 0.907801 0.905063 0.908257 0.912162 0.914634 0.875000 0.916488 0.897727 0.910781 0.908257 0.913838 0.911032 0.909677 0.902970 0.922383 0.890244 0.854167 0.923323
1uw3_a 0.867925 0.877358 0.825000 0.877358 0.086538 0.048077 0.097087 0.122642 0.000000 0.877358 0.896226 0.896226 0.896226 0.915094 0.905660 0.867925 0.896226 0.858491 0.877358 0.915094 0.858491 0.896226 0.867925 0.877358 0.886792 0.877358 0.877358 0.886792 0.886792 0.877358 0.839623 0.897959 0.896226 0.896226 0.867925 0.908163 0.877358 0.896226 0.896226 0.886792 0.905660 0.886792 0.896226 0.886792 0.896226 0.877358 0.858491 0.853333 0.839623 0.877358 0.886792 0.886792 0.858491 0.905660 0.886792 0.905660 0.886792 0.877358 0.877358 0.877358 0.905660 0.896226 0.877358 0.885057 0.867925 0.858491 0.896226 0.877358 0.915094 0.886792 0.877358 0.896226 0.877358 0.858491 0.867925 0.896226 0.886792 0.877358 0.877358 0.886792 0.867925 0.849057 0.858491 0.890244 0.833333 0.839623
1jj2_b 0.866667 0.865979 0.750000 0.887755 0.884615 0.884615 0.883495 0.910979 0.877358 0.000000 0.879433 0.879433 0.878571 0.887324 0.869281 0.865979 0.866667 0.876923 0.884273 0.877049 0.896142 0.882629 0.908012 0.894198 0.875676 0.899110 0.888372 0.880000 0.867841 0.894531 0.908815 0.836735 0.871111 0.866197 0.880952 0.867347 0.869159 0.873418 0.857143 0.867188 0.870370 0.881967 0.878338 0.892977 0.859649 0.891447 0.893281 0.840000 0.884273 0.870813 0.867647 0.877193 0.843972 0.893175 0.908012 0.902077 0.887240 0.891667 0.890511 0.870229 0.902077 0.861111 0.890208 0.839080 0.888554 0.887240 0.886364 0.866667 0.879433 0.854430 0.880734 0.895270 0.917683 0.875000 0.875371 0.878788 0.869888 0.883792 0.878338 0.857651 0.875371 0.881306 0.893175 0.841463 0.854167 0.897764
1a3n_a 0.886525 0.886525 0.850000 0.879433 0.894231 0.913462 0.902913 0.907801 0.896226 0.879433 0.000000 0.000000 0.621429 0.446809 0.758865 0.886525 0.891667 0.879433 0.843972 0.860656 0.872340 0.872340 0.900709 0.858156 0.893617 0.851064 0.872340 0.851064 0.879433 0.879433 0.872340 0.857143 0.879433 0.893617 0.920635 0.877551 0.869159 0.879433 0.886525 0.882812 0.893617 0.851064 0.865248 0.865248 0.850877 0.872340 0.893617 0.866667 0.843972 0.879433 0.875000 0.877193 0.872340 0.886525 0.858156 0.914894 0.893617 0.875000 0.883212 0.893130 0.872340 0.879433 0.843972 0.885057 0.858156 0.843972 0.909091 0.829787 0.134752 0.886525 0.886525 0.858156 0.879433 0.875000 0.858156 0.858156 0.843972 0.858156 0.865248 0.843972 0.865248 0.865248 0.886525 0.853659 0.833333 0.858156
1bz0_a 0.886525 0.886525 0.850000 0.879433 0.894231 0.913462 0.902913 0.907801 0.896226 0.879433 0.000000 0.000000 0.621429 0.446809 0.758865 0.886525 0.891667 0.879433 0.843972 0.860656 0.872340 0.872340 0.900709 0.858156 0.893617 0.851064 0.872340 0.851064 0.879433 0.879433 0.872340 0.857143 0.879433 0.893617 0.920635 0.877551 0.869159 0.879433 0.886525 0.882812 0.893617 0.851064 0.865248 0.865248 0.850877 0.872340 0.893617 0.866667 0.843972 0.879433 0.875000 0.877193 0.872340 0.886525 0.858156 0.914894 0.893617 0.875000 0.883212 0.893130 0.872340 0.879433 0.843972 0.885057 0.858156 0.843972 0.909091 0.829787 0.134752 0.886525 0.886525 0.858156 0.879433 0.875000 0.858156 0.858156 0.843972 0.858156 0.865248 0.843972 0.865248 0.865248 0.886525 0.853659 0.833333 0.858156
1gcw_a 0.878571 0.878571 0.825000 0.885714 0.884615 0.875000 0.883495 0.885714 0.896226 0.878571 0.621429 0.621429 0.000000 0.664286 0.814286 0.878571 0.891667 0.864286 0.857143 0.868852 0.885714 0.878571 0.892857 0.871429 0.885714 0.857143 0.878571 0.857143 0.878571 0.878571 0.864286 0.857143 0.892857 0.892857 0.888889 0.877551 0.850467 0.885714 0.878571 0.890625 0.892857 0.857143 0.850000 0.871429 0.885965 0.857143 0.885714 0.840000 0.857143 0.900000 0.882353 0.877193 0.900000 0.871429 0.892857 0.907143 0.871429 0.866667 0.875912 0.893130 0.885714 0.900000 0.857143 0.862069 0.871429 0.850000 0.893939 0.850000 0.614286 0.892857 0.878571 0.885714 0.850000 0.882812 0.857143 0.857143 0.857143 0.864286 0.828571 0.857143 0.871429 0.857143 0.835714 0.853659 0.833333 0.857143
1out_a 0.880282 0.873239 0.825000 0.880282 0.913462 0.903846 0.912621 0.901408 0.915094 0.887324 0.446809 0.446809 0.664286 0.000000 0.781690 0.880282 0.908333 0.887324 0.859155 0.877049 0.880282 0.880282 0.901408 0.866197 0.873239 0.859155 0.880282 0.866197 0.887324 0.880282 0.838028 0.857143 0.866197 0.901408 0.904762 0.897959 0.878505 0.894366 0.887324 0.898438 0.873239 0.852113 0.852113 0.880282 0.877193 0.873239 0.887324 0.880000 0.859155 0.866197 0.875000 0.868421 0.893617 0.894366 0.880282 0.901408 0.887324 0.891667 0.897810 0.885496 0.873239 0.880282 0.873239 0.862069 0.859155 0.845070 0.893939 0.852113 0.397163 0.866197 0.852113 0.866197 0.873239 0.875000 0.859155 0.866197 0.859155 0.859155 0.880282 0.859155 0.845070 0.866197 0.859155 0.841463 0.812500 0.866197
1mbd_a 0.915033 0.895425 0.800000 0.869281 0.913462 0.903846 0.912621 0.908497 0.905660 0.869281 0.758865 0.758865 0.814286 0.781690 0.000000 0.901961 0.908333 0.888889 0.869281 0.868852 0.888889 0.888889 0.888889 0.856209 0.895425 0.843137 0.888889 0.862745 0.875817 0.869281 0.862745 0.877551 0.875817 0.880282 0.873016 0.826531 0.869159 0.888889 0.882353 0.882812 0.888889 0.888889 0.875817 0.888889 0.868421 0.849673 0.869281 0.840000 0.869281 0.882353 0.904412 0.868421 0.879433 0.856209 0.862745 0.921569 0.875817 0.891667 0.868613 0.885496 0.888889 0.861111 0.856209 0.885057 0.875817 0.862745 0.909091 0.875817 0.758865 0.895425 0.862745 0.836601 0.875817 0.890625 0.869281 0.862745 0.862745 0.862745 0.882353 0.875817 0.875817 0.875817 0.875817 0.841463 0.833333 0.862745
2ocj_a 0.000000 0.139175 0.825000 0.871134 0.875000 0.875000 0.893204 0.886598 0.867925 0.865979 0.886525 0.886525 0.878571 0.880282 0.901961 0.000000 0.891667 0.891753 0.891753 0.852459 0.881443 0.891753 0.902062 0.881443 0.902703 0.871134 0.886598 0.896907 0.896907 0.896907 0.891753 0.857143 0.907216 0.887324 0.888889 0.887755 0.869159 0.879747 0.891429 0.890625 0.901235 0.886598 0.891753 0.891753 0.894737 0.886598 0.896907 0.866667 0.865979 0.907216 0.897059 0.894737 0.886525 0.896907 0.891753 0.917526 0.891753 0.891667 0.897810 0.885496 0.891753 0.895833 0.881443 0.885057 0.881443 0.881443 0.871212 0.865979 0.879433 0.892405 0.896907 0.896907 0.876289 0.890625 0.876289 0.876289 0.881443 0.891753 0.855670 0.871134 0.881443 0.860825 0.891753 0.853659 0.854167 0.891753
4nfb_a 0.891667 0.891667 0.800000 0.883333 0.894231 0.894231 0.883495 0.891667 0.896226 0.866667 0.891667 0.891667 0.891667 0.908333 0.908333 0.891667 0.000000 0.858333 0.875000 0.891667 0.866667 0.866667 0.883333 0.875000 0.883333 0.858333 0.883333 0.866667 0.883333 0.858333 0.891667 0.836735 0.875000 0.858333 0.891667 0.877551 0.869159 0.883333 0.858333 0.891667 0.891667 0.841667 0.866667 0.858333 0.903509 0.866667 0.883333 0.866667 0.850000 0.883333 0.900000 0.903509 0.866667 0.883333 0.891667 0.883333 0.900000 0.883333 0.891667 0.883333 0.883333 0.866667 0.891667 0.896552 0.883333 0.866667 0.908333 0.866667 0.900000 0.866667 0.875000 0.883333 0.875000 0.900000 0.883333 0.883333 0.866667 0.866667 0.866667 0.866667 0.850000 0.866667 0.883333 0.878049 0.833333 0.858333
1qg3_a 0.892308 0.881443 0.825000 0.861538 0.865385 0.855769 0.873786 0.887179 0.858491 0.876923 0.879433 0.879433 0.864286 0.887324 0.888889 0.891753 0.858333 0.000000 0.856410 0.893443 0.876923 0.887179 0.902564 0.887179 0.897297 0.876923 0.882051 0.892308 0.856410 0.887179 0.892308 0.836735 0.897436 0.859155 0.888889 0.867347 0.878505 0.886076 0.885714 0.882812 0.888889 0.887179 0.866667 0.887179 0.903509 0.887179 0.876923 0.853333 0.871795 0.892308 0.875000 0.877193 0.879433 0.902564 0.876923 0.912821 0.887179 0.866667 0.890511 0.870229 0.887179 0.895833 0.871795 0.862069 0.861538 0.871795 0.871212 0.866667 0.886525 0.898734 0.897436 0.882051 0.882051 0.882812 0.876923 0.871795 0.856410 0.892308 0.876923 0.882051 0.876923 0.866667 0.871795 0.878049 0.833333 0.876923
6ldp_a 0.892308 0.886598 0.775000 0.892857 0.855769 0.875000 0.893204 0.927649 0.877358 0.884273 0.843972 0.843972 0.857143 0.859155 0.869281 0.891753 0.875000 0.856410 0.000000 0.868852 0.904393 0.877934 0.917313 0.890785 0.886486 0.878553 0.869767 0.864000 0.876652 0.894531 0.893617 0.836735 0.875556 0.859155 0.873016 0.867347 0.850467 0.854430 0.885714 0.882812 0.864198 0.881967 0.881137 0.892977 0.859649 0.894737 0.877470 0.840000 0.881137 0.875598 0.852941 0.859649 0.879433 0.873385 0.894057 0.909561 0.899225 0.866667 0.868613 0.862595 0.904393 0.868056 0.883721 0.850575 0.897590 0.881137 0.871212 0.880000 0.858156 0.867089 0.885321 0.895270 0.896341 0.875000 0.894057 0.859848 0.877323 0.889908 0.903394 0.871886 0.894057 0.886305 0.878553 0.841463 0.812500 0.888179
5fhx_a 0.868852 0.877049 0.825000 0.893443 0.913462 0.913462 0.902913 0.885246 0.915094 0.877049 0.860656 0.860656 0.868852 0.877049 0.868852 0.852459 0.891667 0.893443 0.868852 0.000000 0.868852 0.860656 0.909836 0.868852 0.877049 0.860656 0.877049 0.852459 0.877049 0.885246 0.852459 0.816327 0.877049 0.885246 0.885246 0.877551 0.878505 0.885246 0.877049 0.893443 0.868852 0.877049 0.860656 0.827869 0.868421 0.860656 0.877049 0.880000 0.852459 0.868852 0.901639 0.868421 0.893443 0.893443 0.877049 0.901639 0.885246 0.891667 0.885246 0.893443 0.877049 0.860656 0.860656 0.862069 0.877049 0.885246 0.901639 0.868852 0.860656 0.893443 0.868852 0.877049 0.860656 0.901639 0.868852 0.868852 0.868852 0.877049 0.877049 0.877049 0.844262 0.868852 0.852459 0.865854 0.854167 0.885246
1b9v_a 0.882051 0.881443 0.825000 0.892857 0.865385 0.855769 0.873786 0.905128 0.858491 0.896142 0.872340 0.872340 0.885714 0.880282 0.888889 0.881443 0.866667 0.876923 0.904393 0.868852 0.000000 0.877934 0.897436 0.901024 0.897297 0.892308 0.883721 0.860000 0.889868 0.878906 0.899696 0.857143 0.893333 0.880282 0.865079 0.857143 0.869159 0.848101 0.868571 0.859375 0.882716 0.888525 0.892308 0.879599 0.868421 0.904605 0.889328 0.853333 0.884615 0.894737 0.867647 0.877193 0.865248 0.907692 0.900000 0.910256 0.894872 0.883333 0.854015 0.877863 0.915385 0.868056 0.889744 0.873563 0.903614 0.876923 0.871212 0.886667 0.858156 0.867089 0.871560 0.881757 0.896341 0.875000 0.894872 0.893939 0.888476 0.892966 0.908616 0.896797 0.884615 0.892308 0.902564 0.878049 0.833333 0.900958
1byq_a 0.892308 0.891753 0.775000 0.903061 0.884615 0.875000 0.893204 0.901408 0.896226 0.882629 0.872340 0.872340 0.878571 0.880282 0.888889 0.891753 0.866667 0.887179 0.877934 0.860656 0.877934 0.000000 0.896714 0.877934 0.881081 0.859155 0.887324 0.868545 0.892019 0.892019 0.887324 0.857143 0.896714 0.873239 0.873016 0.867347 0.859813 0.879747 0.885714 0.859375 0.882716 0.887324 0.887324 0.873239 0.833333 0.859155 0.896714 0.840000 0.873239 0.889952 0.867647 0.859649 0.865248 0.896714 0.887324 0.929577 0.882629 0.883333 0.854015 0.885496 0.896714 0.875000 0.882629 0.850575 0.882629 0.887324 0.878788 0.877934 0.872340 0.879747 0.896714 0.873239 0.859155 0.851562 0.859155 0.887324 0.877934 0.887324 0.868545 0.887324 0.868545 0.877934 0.873239 0.817073 0.833333 0.892019
1c01_a 0.902564 0.891753 0.850000 0.913265 0.855769 0.855769 0.864078 0.921711 0.867925 0.908012 0.900709 0.900709 0.892857 0.901408 0.888889 0.902062 0.883333 0.902564 0.917313 0.909836 0.897436 0.896714 0.000000 0.914676 0.886486 0.914388 0.888372 0.892000 0.903084 0.902344 0.914894 0.857143 0.897778 0.873239 0.896825 0.867347 0.906542 0.886076 0.897143 0.890625 0.895062 0.895082 0.904040 0.906355 0.903509 0.904605 0.901186 0.893333 0.920197 0.899522 0.889706 0.877193 0.886525 0.926304 0.913158 0.892308 0.915858 0.908333 0.890511 0.900763 0.915132 0.902778 0.906874 0.827586 0.909639 0.907298 0.863636 0.896667 0.900709 0.886076 0.894495 0.891892 0.914634 0.906250 0.914347 0.909091 0.892193 0.905199 0.906005 0.918149 0.916129 0.897030 0.920578 0.865854 0.833333 0.907348
1csn_a 0.882051 0.881443 0.775000 0.892857 0.865385 0.894231 0.883495 0.907850 0.877358 0.894198 0.858156 0.858156 0.871429 0.866197 0.856209 0.881443 0.875000 0.887179 0.890785 0.868852 0.901024 0.877934 0.914676 0.000000 0.875676 0.873720 0.893023 0.880000 0.876652 0.894531 0.853242 0.836735 0.875556 0.859155 0.849206 0.867347 0.859813 0.879747 0.868571 0.859375 0.870370 0.901024 0.890785 0.904437 0.859649 0.856655 0.893281 0.840000 0.870307 0.880383 0.875000 0.877193 0.886525 0.894198 0.907850 0.911263 0.883959 0.883333 0.846715 0.854962 0.911263 0.868056 0.887372 0.839080 0.894198 0.894198 0.878788 0.904437 0.872340 0.892405 0.876147 0.907850 0.890785 0.890625 0.880546 0.893939 0.899628 0.883959 0.890785 0.854093 0.890785 0.887372 0.877133 0.829268 0.812500 0.904437
1d7b_a 0.902703 0.902703 0.825000 0.908108 0.884615 0.875000 0.873786 0.886486 0.886792 0.875676 0.893617 0.893617 0.885714 0.873239 0.895425 0.902703 0.883333 0.897297 0.886486 0.877049 0.897297 0.881081 0.886486 0.875676 0.000000 0.870270 0.891892 0.864865 0.886486 0.897297 0.875676 0.857143 0.908108 0.887324 0.865079 0.897959 0.887850 0.873418 0.902857 0.906250 0.882716 0.881081 0.881081 0.886486 0.903509 0.891892 0.881081 0.840000 0.886486 0.886486 0.882353 0.885965 0.858156 0.891892 0.891892 0.924324 0.902703 0.875000 0.875912 0.877863 0.886486 0.888889 0.881081 0.873563 0.881081 0.870270 0.886364 0.881081 0.893617 0.898734 0.891892 0.891892 0.881081 0.859375 0.897297 0.881081 0.875676 0.881081 0.864865 0.891892 0.864865 0.881081 0.902703 0.865854 0.833333 0.886486
1e8x_a 0.876923 0.881443 0.800000 0.877551 0.865385 0.875000 0.873786 0.919144 0.877358 0.899110 0.851064 0.851064 0.857143 0.859155 0.843137 0.871134 0.858333 0.876923 0.878553 0.860656 0.892308 0.859155 0.914388 0.873720 0.870270 0.000000 0.893023 0.872000 0.876652 0.878906 0.881459 0.775510 0.880000 0.845070 0.841270 0.836735 0.859813 0.886076 0.862857 0.867188 0.851852 0.888525 0.871212 0.892977 0.807018 0.871711 0.857708 0.826667 0.906064 0.861244 0.875000 0.850877 0.872340 0.895363 0.903686 0.915385 0.888350 0.866667 0.846715 0.854962 0.908442 0.847222 0.886918 0.839080 0.891566 0.879684 0.878788 0.873333 0.836879 0.854430 0.880734 0.881757 0.887195 0.859375 0.892934 0.863636 0.877323 0.874618 0.877285 0.871886 0.886022 0.893069 0.886282 0.817073 0.812500 0.881789
1f2a_a 0.887179 0.876289 0.825000 0.903061 0.875000 0.894231 0.883495 0.911628 0.877358 0.888372 0.872340 0.872340 0.878571 0.880282 0.888889 0.886598 0.883333 0.882051 0.869767 0.877049 0.883721 0.887324 0.888372 0.893023 0.891892 0.893023 0.000000 0.855814 0.902326 0.902326 0.883721 0.857143 0.893023 0.894366 0.873016 0.887755 0.878505 0.879747 0.891429 0.875000 0.882716 0.874419 0.869767 0.893023 0.859649 0.888372 0.893023 0.880000 0.874419 0.899522 0.875000 0.868421 0.872340 0.902326 0.897674 0.916279 0.897674 0.866667 0.883212 0.854962 0.897674 0.888889 0.879070 0.850575 0.883721 0.879070 0.878788 0.874419 0.879433 0.886076 0.879070 0.865116 0.888372 0.875000 0.874419 0.883721 0.888372 0.883721 0.879070 0.893023 0.874419 0.888372 0.883721 0.853659 0.854167 0.879070
1g65_a 0.887179 0.886598 0.800000 0.892857 0.903846 0.884615 0.893204 0.900000 0.886792 0.880000 0.851064 0.851064 0.857143 0.866197 0.862745 0.896907 0.866667 0.892308 0.864000 0.852459 0.860000 0.868545 0.892000 0.880000 0.864865 0.872000 0.855814 0.000000 0.889868 0.892000 0.884000 0.836735 0.893333 0.873239 0.880952 0.846939 0.841121 0.860759 0.880000 0.851562 0.858025 0.876000 0.868000 0.884000 0.859649 0.876000 0.896000 0.853333 0.880000 0.894737 0.867647 0.850877 0.879433 0.900000 0.876000 0.924000 0.884000 0.841667 0.868613 0.862595 0.896000 0.881944 0.856000 0.850575 0.892000 0.884000 0.886364 0.872000 0.865248 0.873418 0.894495 0.884000 0.892000 0.875000 0.880000 0.884000 0.872000 0.864000 0.884000 0.880000 0.872000 0.872000 0.876000 0.865854 0.854167 0.888000
1g8a_a 0.897436 0.896907 0.800000 0.887755 0.884615 0.875000 0.883495 0.898678 0.886792 0.867841 0.879433 0.879433 0.878571 0.887324 0.875817 0.896907 0.883333 0.856410 0.876652 0.877049 0.889868 0.892019 0.903084 0.876652 0.886486 0.876652 0.902326 0.889868 0.000000 0.885463 0.876652 0.857143 0.884444 0.887324 0.865079 0.846939 0.859813 0.860759 0.891429 0.882812 0.882716 0.867841 0.876652 0.889868 0.859649 0.881057 0.872247 0.853333 0.881057 0.889952 0.882353 0.833333 0.865248 0.894273 0.889868 0.907489 0.889868 0.858333 0.875912 0.847328 0.907489 0.854167 0.881057 0.839080 0.872247 0.867841 0.901515 0.894273 0.886525 0.892405 0.889908 0.885463 0.885463 0.882812 0.881057 0.859031 0.867841 0.876652 0.876652 0.872247 0.863436 0.859031 0.872247 0.853659 0.854167 0.867841
1i31_a 0.892308 0.896907 0.750000 0.887755 0.875000 0.875000 0.864078 0.906250 0.877358 0.894531 0.879433 0.879433 0.878571 0.880282 0.869281 0.896907 0.858333 0.887179 0.894531 0.885246 0.878906 0.892019 0.902344 0.894531 0.897297 0.878906 0.902326 0.892000 0.885463 0.000000 0.878906 0.795918 0.880000 0.873239 0.841270 0.826531 0.869159 0.879747 0.868571 0.859375 0.882716 0.898438 0.894531 0.882812 0.850877 0.882812 0.909091 0.840000 0.871094 0.894737 0.882353 0.868421 0.872340 0.886719 0.898438 0.921875 0.882812 0.866667 0.861314 0.862595 0.882812 0.861111 0.878906 0.862069 0.886719 0.894531 0.893939 0.890625 0.893617 0.873418 0.889908 0.886719 0.886719 0.898438 0.882812 0.898438 0.898438 0.890625 0.886719 0.886719 0.882812 0.878906 0.871094 0.853659 0.854167 0.886719
1j3h_a 0.892308 0.891753 0.800000 0.872449 0.865385 0.855769 0.883495 0.899696 0.839623 0.908815 0.872340 0.872340 0.864286 0.838028 0.862745 0.891753 0.891667 0.892308 0.893617 0.852459 0.899696 0.887324 0.914894 0.853242 0.875676 0.881459 0.883721 0.884000 0.876652 0.878906 0.000000 0.836735 0.884444 0.880282 0.865079 0.857143 0.859813 0.879747 0.874286 0.859375 0.882716 0.888525 0.890578 0.896321 0.859649 0.776316 0.889328 0.866667 0.896657 0.889952 0.882353 0.868421 0.858156 0.890578 0.902736 0.917933 0.899696 0.875000 0.854015 0.862595 0.890578 0.868056 0.896657 0.862069 0.890578 0.875380 0.863636 0.893333 0.872340 0.873418 0.876147 0.868243 0.887195 0.835938 0.884498 0.901515 0.884758 0.899083 0.902736 0.797153 0.884498 0.896657 0.893617 0.865854 0.812500 0.884984
1kbe_a 0.857143 0.857143 0.925000 0.857143 0.877551 0.877551 0.877551 0.877551 0.897959 0.836735 0.857143 0.857143 0.857143 0.857143 0.877551 0.857143 0.836735 0.836735 0.836735 0.816327 0.857143 0.857143 0.857143 0.836735 0.857143 0.775510 0.857143 0.836735 0.857143 0.795918 0.836735 0.000000 0.857143 0.857143 0.877551 0.857143 0.857143 0.836735 0.857143 0.857143 0.836735 0.836735 0.836735 0.857143 0.857143 0.857143 0.877551 0.877551 0.836735 0.857143 0.897959 0.857143 0.877551 0.897959 0.836735 0.897959 0.836735 0.877551 0.857143 0.857143 0.836735 0.857143 0.836735 0.857143 0.857143 0.795918 0.857143 0.816327 0.836735 0.857143 0.857143 0.857143 0.836735 0.897959 0.857143 0.857143 0.816327 0.836735 0.795918 0.816327 0.816327 0.816327 0.836735 0.877551 0.916667 0.775510
1l6r_a 0.907692 0.902062 0.825000 0.897959 0.875000 0.884615 0.893204 0.902222 0.896226 0.871111 0.879433 0.879433 0.892857 0.866197 0.875817 0.907216 0.875000 0.897436 0.875556 0.877049 0.893333 0.896714 0.897778 0.875556 0.908108 0.880000 0.893023 0.893333 0.884444 0.880000 0.884444 0.857143 0.000000 0.880282 0.873016 0.857143 0.850467 0.867089 0.885714 0.890625 0.895062 0.862222 0.880000 0.893333 0.850877 0.880000 0.902222 0.840000 0.871111 0.885167 0.838235 0.868421 0.879433 0.893333 0.888889 0.911111 0.888889 0.891667 0.875912 0.854962 0.897778 0.875000 0.866667 0.839080 0.884444 0.871111 0.886364 0.884444 0.872340 0.854430 0.885321 0.897778 0.884444 0.882812 0.866667 0.888889 0.875556 0.880000 0.884444 0.897778 0.848889 0.880000 0.888889 0.853659 0.812500 0.880000
1m4r_a 0.887324 0.873239 0.800000 0.887324 0.894231 0.913462 0.902913 0.908451 0.896226 0.866197 0.893617 0.893617 0.892857 0.901408 0.880282 0.887324 0.858333 0.859155 0.859155 0.885246 0.880282 0.873239 0.873239 0.859155 0.887324 0.845070 0.894366 0.873239 0.887324 0.873239 0.880282 0.857143 0.880282 0.000000 0.888889 0.877551 0.869159 0.880282 0.887324 0.890625 0.873239 0.873239 0.880282 0.866197 0.885965 0.852113 0.859155 0.853333 0.845070 0.894366 0.904412 0.868421 0.893617 0.880282 0.880282 0.908451 0.880282 0.883333 0.875912 0.893130 0.873239 0.901408 0.859155 0.850575 0.880282 0.866197 0.886364 0.880282 0.879433 0.908451 0.887324 0.887324 0.866197 0.882812 0.873239 0.866197 0.887324 0.894366 0.880282 0.880282 0.852113 0.873239 0.880282 0.841463 0.812500 0.866197
1n1d_a 0.873016 0.896825 0.825000 0.880952 0.865385 0.865385 0.873786 0.865079 0.867925 0.880952 0.920635 0.920635 0.888889 0.904762 0.873016 0.888889 0.891667 0.888889 0.873016 0.885246 0.865079 0.873016 0.896825 0.849206 0.865079 0.841270 0.873016 0.880952 0.865079 0.841270 0.865079 0.877551 0.873016 0.888889 0.000000 0.877551 0.897196 0.873016 0.888889 0.873016 0.880952 0.865079 0.865079 0.865079 0.885965 0.865079 0.873016 0.840000 0.857143 0.888889 0.865079 0.859649 0.880952 0.896825 0.880952 0.944444 0.880952 0.858333 0.880952 0.888889 0.888889 0.865079 0.865079 0.908046 0.873016 0.865079 0.904762 0.865079 0.920635 0.896825 0.880952 0.888889 0.857143 0.888889 0.849206 0.880952 0.857143 0.880952 0.865079 0.865079 0.857143 0.865079 0.849206 0.865854 0.812500 0.865079
1p3a_a 0.887755 0.887755 0.725000 0.877551 0.887755 0.897959 0.908163 0.877551 0.908163 0.867347 0.877551 0.877551 0.877551 0.897959 0.826531 0.887755 0.877551 0.867347 0.867347 0.877551 0.857143 0.867347 0.867347 0.867347 0.897959 0.836735 0.887755 0.846939 0.846939 0.826531 0.857143 0.857143 0.857143 0.877551 0.877551 0.000000 0.857143 0.877551 0.867347 0.887755 0.857143 0.877551 0.836735 0.836735 0.877551 0.836735 0.836735 0.880000 0.846939 0.877551 0.877551 0.877551 0.897959 0.826531 0.877551 0.857143 0.857143 0.887755 0.877551 0.908163 0.857143 0.877551 0.826531 0.873563 0.806122 0.846939 0.877551 0.857143 0.877551 0.887755 0.867347 0.836735 0.877551 0.897959 0.877551 0.867347 0.846939 0.867347 0.836735 0.857143 0.836735 0.846939 0.857143 0.853659 0.854167 0.877551
1q6a_a 0.869159 0.887850 0.725000 0.878505 0.884615 0.884615 0.893204 0.859813 0.877358 0.869159 0.869159 0.869159 0.850467 0.878505 0.869159 0.869159 0.869159 0.878505 0.850467 0.878505 0.869159 0.859813 0.906542 0.859813 0.887850 0.859813 0.878505 0.841121 0.859813 0.869159 0.859813 0.857143 0.850467 0.869159 0.897196 0.857143 0.000000 0.897196 0.841121 0.878505 0.878505 0.859813 0.841121 0.841121 0.887850 0.859813 0.878505 0.880000 0.859813 0.878505 0.850467 0.878505 0.850467 0.859813 0.878505 0.887850 0.878505 0.878505 0.878505 0.897196 0.869159 0.878505 0.841121 0.896552 0.869159 0.841121 0.915888 0.878505 0.869159 0.897196 0.822430 0.841121 0.869159 0.878505 0.850467 0.850467 0.869159 0.869159 0.850467 0.859813 0.831776 0.850467 0.859813 0.853659 0.833333 0.859813
1s7m_a 0.879747 0.892405 0.875000 0.886076 0.903846 0.894231 0.893204 0.898734 0.896226 0.873418 0.879433 0.879433 0.885714 0.894366 0.888889 0.879747 0.883333 0.886076 0.854430 0.885246 0.848101 0.879747 0.886076 0.879747 0.873418 0.886076 0.879747 0.860759 0.860759 0.879747 0.879747 0.836735 0.867089 0.880282 0.873016 0.877551 0.897196 0.000000 0.867089 0.882812 0.886076 0.867089 0.848101 0.867089 0.859649 0.886076 0.886076 0.866667 0.854430 0.867089 0.882353 0.868421 0.872340 0.867089 0.867089 0.898734 0.879747 0.858333 0.905109 0.877863 0.886076 0.888889 0.860759 0.862069 0.867089 0.841772 0.916667 0.860759 0.872340 0.867089 0.879747 0.879747 0.848101 0.882812 0.867089 0.873418 0.879747 0.879747 0.873418 0.873418 0.879747 0.860759 0.867089 0.853659 0.833333 0.879747
1t8a_a 0.891429 0.885714 0.825000 0.897143 0.884615 0.894231 0.902913 0.897143 0.896226 0.857143 0.886525 0.886525 0.878571 0.887324 0.882353 0.891429 0.858333 0.885714 0.885714 0.877049 0.868571 0.885714 0.897143 0.868571 0.902857 0.862857 0.891429 0.880000 0.891429 0.868571 0.874286 0.857143 0.885714 0.887324 0.888889 0.867347 0.841121 0.867089 0.000000 0.882812 0.888889 0.862857 0.868571 0.880000 0.868421 0.868571 0.868571 0.840000 0.862857 0.891429 0.852941 0.868421 0.858156 0.891429 0.902857 0.874286 0.891429 0.875000 0.905109 0.854962 0.891429 0.888889 0.891429 0.873563 0.874286 0.874286 0.886364 0.851429 0.886525 0.886076 0.868571 0.885714 0.874286 0.882812 0.851429 0.868571 0.868571 0.868571 0.874286 0.891429 0.845714 0.857143 0.874286 0.841463 0.854167 0.885714
1u2b_a 0.890625 0.875000 0.825000 0.882812 0.884615 0.884615 0.873786 0.890625 0.886792 0.867188 0.882812 0.882812 0.890625 0.898438 0.882812 0.890625 0.891667 0.882812 0.882812 0.893443 0.859375 0.859375 0.890625 0.859375 0.906250 0.867188 0.875000 0.851562 0.882812 0.859375 0.859375 0.857143 0.890625 0.890625 0.873016 0.887755 0.878505 0.882812 0.882812 0.000000 0.875000 0.835938 0.867188 0.867188 0.903509 0.867188 0.875000 0.866667 0.867188 0.859375 0.890625 0.912281 0.882812 0.882812 0.890625 0.898438 0.890625 0.908333 0.898438 0.914062 0.851562 0.851562 0.867188 0.885057 0.882812 0.835938 0.906250 0.882812 0.914062 0.890625 0.882812 0.882812 0.882812 0.914062 0.843750 0.898438 0.867188 0.875000 0.843750 0.867188 0.843750 0.843750 0.867188 0.878049 0.875000 0.859375
1v3a_a 0.901235 0.895062 0.800000 0.882716 0.894231 0.894231 0.902913 0.888889 0.905660 0.870370 0.893617 0.893617 0.892857 0.873239 0.888889 0.901235 0.891667 0.888889 0.864198 0.868852 0.882716 0.882716 0.895062 0.870370 0.882716 0.851852 0.882716 0.858025 0.882716 0.882716 0.882716 0.836735 0.895062 0.873239 0.880952 0.857143 0.878505 0.886076 0.888889 0.875000 0.000000 0.876543 0.888889 0.901235 0.859649 0.895062 0.864198 0.853333 0.858025 0.888889 0.897059 0.877193 0.893617 0.882716 0.882716 0.901235 0.895062 0.875000 0.890511 0.877863 0.882716 0.895833 0.858025 0.862069 0.864198 0.858025 0.886364 0.876543 0.893617 0.867089 0.864198 0.876543 0.895062 0.882812 0.858025 0.864198 0.876543 0.882716 0.864198 0.876543 0.870370 0.858025 0.876543 0.853659 0.833333 0.864198
1w4a_a 0.882051 0.896907 0.825000 0.892857 0.884615 0.875000 0.873786 0.901639 0.886792 0.881967 0.851064 0.851064 0.857143 0.852113 0.888889 0.886598 0.841667 0.887179 0.881967 0.877049 0.888525 0.887324 0.895082 0.901024 0.881081 0.888525 0.874419 0.876000 0.867841 0.898438 0.888525 0.836735 0.862222 0.873239 0.865079 0.877551 0.859813 0.867089 0.862857 0.835938 0.876543 0.000000 0.891803 0.892977 0.868421 0.898026 0.877470 0.853333 0.885246 0.875598 0.852941 0.859649 0.851064 0.888525 0.898361 0.911475 0.891803 0.850000 0.868613 0.870229 0.911475 0.840278 0.862295 0.850575 0.885246 0.875410 0.871212 0.886667 0.865248 0.886076 0.871560 0.888514 0.901639 0.851562 0.885246 0.871212 0.866171 0.885246 0.888525 0.896797 0.875410 0.852459 0.868852 0.829268 0.812500 0.878689
1x2a_a 0.887179 0.876289 0.775000 0.887755 0.894231 0.884615 0.883495 0.909091 0.896226 0.878338 0.865248 0.865248 0.850000 0.852113 0.875817 0.891753 0.866667 0.866667 0.881137 0.860656 0.892308 0.887324 0.904040 0.890785 0.881081 0.871212 0.869767 0.868000 0.876652 0.894531 0.890578 0.836735 0.880000 0.880282 0.865079 0.836735 0.841121 0.848101 0.868571 0.867188 0.888889 0.891803 0.000000 0.896321 0.877193 0.888158 0.889328 0.866667 0.888889 0.875598 0.867647 0.868421 0.872340 0.901515 0.896465 0.909091 0.898990 0.875000 0.883212 0.862595 0.904040 0.854167 0.883838 0.839080 0.894578 0.876263 0.886364 0.876667 0.858156 0.867089 0.871560 0.891892 0.884146 0.859375 0.888889 0.871212 0.884758 0.902141 0.892950 0.882562 0.883838 0.896465 0.888889 0.841463 0.791667 0.884984
1y3a_a 0.892308 0.896907 0.825000 0.877551 0.884615 0.875000 0.873786 0.906355 0.886792 0.892977 0.865248 0.865248 0.871429 0.880282 0.888889 0.891753 0.858333 0.887179 0.892977 0.827869 0.879599 0.873239 0.906355 0.904437 0.886486 0.892977 0.893023 0.884000 0.889868 0.882812 0.896321 0.857143 0.893333 0.866197 0.865079 0.836735 0.841121 0.867089 0.880000 0.867188 0.901235 0.892977 0.896321 0.000000 0.850877 0.886288 0.893281 0.800000 0.892977 0.899522 0.882353 0.842105 0.872340 0.906355 0.896321 0.923077 0.896321 0.866667 0.875912 0.862595 0.906355 0.881944 0.889632 0.839080 0.889632 0.872910 0.893939 0.892977 0.886525 0.879747 0.885321 0.905405 0.896321 0.843750 0.899666 0.890152 0.888476 0.899666 0.896321 0.903915 0.886288 0.892977 0.882943 0.817073 0.812500 0.892977
1z1a_a 0.894737 0.894737 0.825000 0.877193 0.884615 0.894231 0.893204 0.894737 0.896226 0.859649 0.850877 0.850877 0.885965 0.877193 0.868421 0.894737 0.903509 0.903509 0.859649 0.868421 0.868421 0.833333 0.903509 0.859649 0.903509 0.807018 0.859649 0.859649 0.859649 0.850877 0.859649 0.857143 0.850877 0.885965 0.885965 0.877551 0.887850 0.859649 0.868421 0.903509 0.859649 0.868421 0.877193 0.850877 0.000000 0.859649 0.859649 0.866667 0.850877 0.877193 0.885965 0.885965 0.877193 0.868421 0.877193 0.929825 0.877193 0.885965 0.877193 0.894737 0.868421 0.885965 0.877193 0.873563 0.868421 0.868421 0.912281 0.859649 0.859649 0.885965 0.894737 0.859649 0.868421 0.868421 0.850877 0.859649 0.859649 0.868421 0.850877 0.868421 0.868421 0.859649 0.859649 0.865854 0.833333 0.833333
2a2a_a 0.887179 0.896907 0.750000 0.862245 0.875000 0.865385 0.873786 0.901316 0.877358 0.891447 0.872340 0.872340 0.857143 0.873239 0.849673 0.886598 0.866667 0.887179 0.894737 0.860656 0.904605 0.859155 0.904605 0.856655 0.891892 0.871711 0.888372 0.876000 0.881057 0.882812 0.776316 0.857143 0.880000 0.852113 0.865079 0.836735 0.859813 0.886076 0.868571 0.867188 0.895062 0.898026 0.888158 0.886288 0.859649 0.000000 0.897233 0.826667 0.878289 0.885167 0.889706 0.842105 0.851064 0.898026 0.884868 0.921053 0.871711 0.883333 0.861314 0.870229 0.881579 0.861111 0.894737 0.839080 0.901316 0.878289 0.878788 0.893333 0.872340 0.873418 0.871560 0.888514 0.894737 0.875000 0.865132 0.867424 0.873606 0.901316 0.878289 0.818505 0.888158 0.888158 0.881579 0.829268 0.833333 0.891447
2c3a_a 0.897436 0.876289 0.775000 0.882653 0.865385 0.855769 0.854369 0.893281 0.858491 0.893281 0.893617 0.893617 0.885714 0.887324 0.869281 0.896907 0.883333 0.876923 0.877470 0.877049 0.889328 0.896714 0.901186 0.893281 0.881081 0.857708 0.893023 0.896000 0.872247 0.909091 0.889328 0.877551 0.902222 0.859155 0.873016 0.836735 0.878505 0.886076 0.868571 0.875000 0.864198 0.877470 0.889328 0.893281 0.859649 0.897233 0.000000 0.813333 0.885375 0.894737 0.889706 0.894737 0.886525 0.897233 0.893281 0.905138 0.909091 0.875000 0.875912 0.885496 0.897233 0.875000 0.873518 0.862069 0.897233 0.885375 0.886364 0.885375 0.886525 0.892405 0.894495 0.881423 0.905138 0.867188 0.893281 0.893281 0.897233 0.909091 0.873518 0.885375 0.869565 0.865613 0.889328 0.853659 0.854167 0.889328
2e1a_a 0.866667 0.853333 0.850000 0.853333 0.853333 0.840000 0.866667 0.866667 0.853333 0.840000 0.866667 0.866667 0.840000 0.880000 0.840000 0.866667 0.866667 0.853333 0.840000 0.880000 0.853333 0.840000 0.893333 0.840000 0.840000 0.826667 0.880000 0.853333 0.853333 0.840000 0.866667 0.877551 0.840000 0.853333 0.840000 0.880000 0.880000 0.866667 0.840000 0.866667 0.853333 0.853333 0.866667 0.800000 0.866667 0.826667 0.813333 0.000000 0.840000 0.826667 0.853333 0.853333 0.853333 0.880000 0.853333 0.920000 0.853333 0.880000 0.866667 0.866667 0.866667 0.853333 0.813333 0.893333 0.853333 0.840000 0.906667 0.826667 0.866667 0.866667 0.866667 0.866667 0.840000 0.840000 0.840000 0.853333 0.853333 0.866667 0.840000 0.826667 0.813333 0.813333 0.826667 0.866667 0.833333 0.853333
2f1a_a 0.866667 0.860825 0.700000 0.872449 0.846154 0.836538 0.834951 0.914286 0.839623 0.884273 0.843972 0.843972 0.857143 0.859155 0.869281 0.865979 0.850000 0.871795 0.881137 0.852459 0.884615 0.873239 0.920197 0.870307 0.886486 0.906064 0.874419 0.880000 0.881057 0.871094 0.896657 0.836735 0.871111 0.845070 0.857143 0.846939 0.859813 0.854430 0.862857 0.867188 0.858025 0.885246 0.888889 0.892977 0.850877 0.878289 0.885375 0.840000 0.000000 0.885167 0.860294 0.850877 0.858156 0.903628 0.907389 0.911538 0.894822 0.850000 0.839416 0.862595 0.911330 0.854167 0.880266 0.816092 0.885542 0.883629 0.871212 0.880000 0.851064 0.860759 0.871560 0.885135 0.893293 0.867188 0.897216 0.875000 0.862454 0.889908 0.890339 0.871886 0.886022 0.883168 0.893502 0.817073 0.812500 0.872204
2g1a_a 0.907692 0.902062 0.825000 0.897959 0.865385 0.884615 0.864078 0.909091 0.877358 0.870813 0.879433 0.879433 0.900000 0.866197 0.882353 0.907216 0.883333 0.892308 0.875598 0.868852 0.894737 0.889952 0.899522 0.880383 0.886486 0.861244 0.899522 0.894737 0.889952 0.894737 0.889952 0.857143 0.885167 0.894366 0.888889 0.877551 0.878505 0.867089 0.891429 0.859375 0.888889 0.875598 0.875598 0.899522 0.877193 0.885167 0.894737 0.826667 0.885167 0.000000 0.889706 0.868421 0.872340 0.899522 0.899522 0.904306 0.899522 0.866667 0.883212 0.854962 0.889952 0.875000 0.866029 0.873563 0.875598 0.885167 0.893939 0.880383 0.893617 0.879747 0.894737 0.889952 0.885167 0.890625 0.885167 0.880383 0.885167 0.880383 0.875598 0.875598 0.880383 0.856459 0.894737 0.878049 0.833333 0.875598
2h1a_a 0.897059 0.889706 0.850000 0.882353 0.884615 0.884615 0.893204 0.897059 0.886792 0.867647 0.875000 0.875000 0.882353 0.875000 0.904412 0.897059 0.900000 0.875000 0.852941 0.901639 0.867647 0.867647 0.889706 0.875000 0.882353 0.875000 0.875000 0.867647 0.882353 0.882353 0.882353 0.897959 0.838235 0.904412 0.865079 0.877551 0.850467 0.882353 0.852941 0.890625 0.897059 0.852941 0.867647 0.882353 0.885965 0.889706 0.889706 0.853333 0.860294 0.889706 0.000000 0.850877 0.904412 0.875000 0.882353 0.948529 0.875000 0.875000 0.904412 0.893130 0.897059 0.889706 0.860294 0.885057 0.867647 0.838235 0.871212 0.852941 0.860294 0.852941 0.882353 0.882353 0.867647 0.882812 0.852941 0.875000 0.867647 0.875000 0.867647 0.882353 0.875000 0.852941 0.882353 0.841463 0.875000 0.845588
