,1a3n_a,1ag2_a,1b10_a,1bz0_a,1dx0_a,1gcw_a,1jj2_b,1mbd_a,1out_a,1qg3_a,1qm0_a,1t4w_a,1tup_c,1uw3_a,2ocj_a,2wtt_a,3exj_a,4e5a_a,4nfb_a,5fhx_a,6ldp_a
1a3n_a,0.0,3.17,3.43,0.29,2.86,1.29,5.08,1.51,0.97,5.05,3.84,5.52,5.74,3.6,5.93,2.87,5.39,25.0,5.01,4.19,5.55
1ag2_a,3.17,0.0,2.1,3.2,2.52,3.33,4.66,3.54,3.56,4.58,2.59,4.22,3.8,2.3,4.22,3.05,4.25,25.0,4.18,4.41,4.53
1b10_a,3.43,2.1,0.0,3.51,2.14,3.47,4.89,3.32,3.64,4.12,2.06,4.24,4.78,1.82,3.88,2.64,4.35,25.0,4.36,4.28,4.91
1bz0_a,0.29,3.2,3.51,0.0,3.2,1.33,5.58,1.54,0.99,5.21,3.53,5.8,5.83,3.66,5.76,2.86,5.38,25.0,5.31,4.06,5.11
1dx0_a,2.86,2.52,2.14,3.2,0.0,2.65,4.83,3.52,3.47,4.81,1.92,3.89,4.35,1.87,4.29,2.38,4.4,25.0,4.58,4.56,4.68
1gcw_a,1.29,3.33,3.47,1.33,2.65,0.0,5.33,1.54,1.5,5.08,3.49,5.25,6.12,4.14,5.59,2.46,5.32,25.0,5.19,4.35,5.6
1jj2_b,5.08,4.66,4.89,5.58,4.83,5.33,0.0,5.46,5.64,6.47,5.07,5.99,5.5,5.3,5.39,2.5,5.8,25.0,4.51,5.06,7.59
1mbd_a,1.51,3.54,3.32,1.54,3.52,1.54,5.46,0.0,1.79,5.29,3.49,6.12,5.88,3.34,5.94,2.44,5.99,25.0,4.97,4.24,5.42
1out_a,0.97,3.56,3.64,0.99,3.47,1.5,5.64,1.79,0.0,5.36,3.59,5.86,5.86,3.87,5.68,2.7,5.44,25.0,4.92,4.22,5.71
1qg3_a,5.05,4.58,4.12,5.21,4.81,5.08,6.47,5.29,5.36,0.0,4.65,3.5,3.6,4.45,3.47,3.21,3.58,25.0,3.39,5.03,5.12
1qm0_a,3.84,2.59,2.06,3.53,1.92,3.49,5.07,3.49,3.59,4.65,0.0,4.3,5.11,1.77,4.67,2.61,4.4,25.0,4.68,4.45,4.41
1t4w_a,5.52,4.22,4.24,5.8,3.89,5.25,5.99,6.12,5.86,3.5,4.3,0.0,2.75,4.53,2.68,3.1,2.87,25.0,3.31,5.1,5.73
1tup_c,5.74,3.8,4.78,5.83,4.35,6.12,5.5,5.88,5.86,3.6,5.11,2.75,0.0,5.04,0.76,2.85,1.62,25.0,3.48,4.89,5.61
1uw3_a,3.6,2.3,1.82,3.66,1.87,4.14,5.3,3.34,3.87,4.45,1.77,4.53,5.04,0.0,4.89,2.47,4.46,25.0,4.38,4.29,4.9
2ocj_a,5.93,4.22,3.88,5.76,4.29,5.59,5.39,5.94,5.68,3.47,4.67,2.68,0.76,4.89,0.0,2.94,1.41,25.0,3.39,5.23,5.37
2wtt_a,2.87,3.05,2.64,2.86,2.38,2.46,2.5,2.44,2.7,3.21,2.61,3.1,2.85,2.47,2.94,0.0,3.78,25.0,3.65,1.87,2.43
3exj_a,5.39,4.25,4.35,5.38,4.4,5.32,5.8,5.99,5.44,3.58,4.4,2.87,1.62,4.46,1.41,3.78,0.0,25.0,3.56,4.1,5.76
4e5a_a,25.0,25.0,25.0,25.0,25.0,25.0,25.0,25.0,25.0,25.0,25.0,25.0,25.0,25.0,25.0,25.0,25.0,0.0,25.0,25.0,25.0
4nfb_a,5.01,4.18,4.36,5.31,4.58,5.19,4.51,4.97,4.92,3.39,4.68,3.31,3.48,4.38,3.39,3.65,3.56,25.0,0.0,5.4,5.15
5fhx_a,4.19,4.41,4.28,4.06,4.56,4.35,5.06,4.24,4.22,5.03,4.45,5.1,4.89,4.29,5.23,1.87,4.1,25.0,5.4,0.0,4.92
6ldp_a,5.55,4.53,4.91,5.11,4.68,5.6,7.59,5.42,5.71,5.12,4.41,5.73,5.61,4.9,5.37,2.43,5.76,25.0,5.15,4.92,0.0
